        1928     1.5    0.1
       5.0000000   0.00043382004
       5.0000000   0.00043382004
       5.0500000   0.00044218093
       5.1000000   0.00045060846
       5.1500000   0.00045910930
       5.2000000   0.00046768013
       5.2500000   0.00047632426
       5.3000000   0.00048503837
       5.3500000   0.00049382580
       5.4000000   0.00050268320
       5.4500000   0.00051160725
       5.5000000   0.00052060461
       5.5500000   0.00052966862
       5.6000000   0.00053880261
       5.6500000   0.00054800991
       5.7000000   0.00055728386
       5.7500000   0.00056662445
       5.8000000   0.00057603502
       5.8500000   0.00058551224
       5.9000000   0.00059505277
       5.9500000   0.00060466995
       6.0000000   0.00061434711
       6.0500000   0.00062409424
       6.1000000   0.00063390136
       6.1500000   0.00064378179
       6.2000000   0.00065372220
       6.2500000   0.00066372926
       6.3000000   0.00067379630
       6.3500000   0.00068393665
       6.4000000   0.00069413365
       6.4500000   0.00070439730
       6.5000000   0.00071471759
       6.5500000   0.00072510787
       6.6000000   0.00073555479
       6.6500000   0.00074606503
       6.7000000   0.00075663191
       6.7500000   0.00078086893
       6.8000000   0.00080583132
       6.8500000   0.00083122832
       6.9000000   0.00085860278
       6.9500000   0.00088686138
       7.0000000   0.00091594195
       7.0500000   0.00094698888
       7.1000000   0.00097909088
       7.1500000    0.0010126431
       7.2000000    0.0010480684
       7.2500000    0.0010853446
       7.3000000    0.0011239426
       7.3500000    0.0011640710
       7.4000000    0.0012072011
       7.4500000    0.0012526287
       7.5000000    0.0012998601
       7.5500000    0.0013503580
       7.6000000    0.0014029850
       7.6500000    0.0014588035
       7.7000000    0.0015182795
       7.7500000    0.0015808038
       7.8000000    0.0016476251
       7.8500000    0.0017184868
       7.9000000    0.0017939456
       7.9500000    0.0018755007
       8.0000000    0.0019610515
       8.0500000    0.0020553981
       8.1000000    0.0021548394
       8.1500000    0.0022629420
       8.2000000    0.0023786388
       8.2500000    0.0025053938
       8.3000000    0.0026423408
       8.3500000    0.0027927448
       8.4000000    0.0029576031
       8.4500000    0.0031392502
       8.5000000    0.0033401129
       8.5500000    0.0035644571
       8.6000000    0.0038161785
       8.6500000    0.0041005389
       8.7000000    0.0044259633
       8.7500000    0.0048013435
       8.8000000    0.0052414983
       8.8500000    0.0057674075
       8.9000000    0.0064100762
       8.9500000    0.0072179544
       9.0000000    0.0082759937
       9.0500000    0.0097393384
       9.1000000     0.011918078
       9.1500000     0.015499299
       9.2000000     0.022028917
       9.2500000     0.033670207
       9.3000000     0.044969462
       9.3500000     0.044264029
       9.4000000     0.036597131
       9.4500000     0.030845090
       9.5000000     0.030065057
       9.5500000     0.033814987
       9.6000000     0.042601092
       9.6500000     0.059107277
       9.7000000     0.085835612
       9.7500000      0.11560205
       9.8000000      0.13906412
       9.8500000      0.15675730
       9.9000000      0.17122652
       9.9500000      0.18421494
       10.000000      0.19722551
       10.050000      0.21200534
       10.100000      0.22732020
       10.150000      0.22482058
       10.200000      0.20089003
       10.250000      0.15590568
       10.300000      0.11856642
       10.350000      0.10311128
       10.400000      0.11073075
       10.450000      0.13045817
       10.500000      0.11845633
       10.550000     0.087183984
       10.600000     0.078243371
       10.650000     0.083730552
       10.700000     0.098423350
       10.750000      0.11935907
       10.800000      0.14534115
       10.850000      0.17896752
       10.900000      0.21689572
       10.950000      0.24673860
       11.000000      0.26786352
       11.050000      0.28349179
       11.100000      0.29518121
       11.150000      0.30334780
       11.200000      0.30773642
       11.250000      0.30747241
       11.300000      0.30090274
       11.350000      0.28516982
       11.400000      0.25586345
       11.450000      0.20894480
       11.500000      0.15265155
       11.550000      0.10829309
       11.600000     0.080577577
       11.650000     0.063870529
       11.700000     0.053943937
       11.750000     0.049184525
       11.800000     0.049812765
       11.850000     0.056858570
       11.900000     0.066945076
       11.950000     0.064009283
       12.000000     0.048576986
       12.050000     0.035056395
       12.100000     0.026676429
       12.150000     0.021506521
       12.200000     0.018150013
       12.250000     0.015786503
       12.300000     0.014027327
       12.350000     0.012671362
       12.400000     0.011583051
       12.450000     0.010689975
       12.500000    0.0099426290
       12.550000    0.0093095993
       12.600000    0.0087658852
       12.650000    0.0082940328
       12.700000    0.0078822927
       12.750000    0.0075203886
       12.800000    0.0072007785
       12.850000    0.0069173232
       12.900000    0.0066655191
       12.950000    0.0064408946
       13.000000    0.0062412141
       13.050000    0.0060620765
       13.100000    0.0059022458
       13.150000    0.0057596873
       13.200000    0.0056331335
       13.250000    0.0055206497
       13.300000    0.0054210019
       13.350000    0.0053334907
       13.400000    0.0052575469
       13.450000    0.0051920368
       13.500000    0.0051362616
       13.550000    0.0050895527
       13.600000    0.0050525106
       13.650000    0.0050236343
       13.700000    0.0050027237
       13.750000    0.0049903453
       13.800000    0.0049861318
       13.850000    0.0049894493
       13.900000    0.0050008648
       13.950000    0.0050201107
       14.000000    0.0050474202
       14.050000    0.0050828597
       14.100000    0.0051266279
       14.150000    0.0051799248
       14.200000    0.0052417172
       14.250000    0.0053139362
       14.300000    0.0053960485
       14.350000    0.0054895870
       14.400000    0.0055959492
       14.450000    0.0057152689
       14.500000    0.0058489765
       14.550000    0.0059996049
       14.600000    0.0061681177
       14.650000    0.0063589122
       14.700000    0.0065726199
       14.750000    0.0068140028
       14.800000    0.0070897219
       14.850000    0.0074042389
       14.900000    0.0077643791
       14.950000    0.0081822327
       15.000000    0.0086721834
       15.050000    0.0092499164
       15.100000    0.0099400736
       15.150000     0.010773424
       15.200000     0.011796123
       15.250000     0.013059418
       15.300000     0.014614159
       15.350000     0.016491913
       15.400000     0.018644996
       15.450000     0.020874708
       15.500000     0.022830431
       15.550000     0.024183663
       15.600000     0.024875795
       15.650000     0.025167200
       15.700000     0.025470400
       15.750000     0.026158621
       15.800000     0.027493934
       15.850000     0.029641309
       15.900000     0.032711101
       15.950000     0.036766015
       16.000000     0.041774683
       16.050000     0.047539373
       16.100000     0.053665011
       16.150000     0.059656828
       16.200000     0.065089252
       16.250000     0.069683828
       16.300000     0.073294772
       16.350000     0.075837168
       16.400000     0.077229170
       16.450000     0.077385729
       16.500000     0.076173151
       16.550000     0.073484445
       16.600000     0.069404796
       16.650000     0.064188088
       16.700000     0.058277615
       16.750000     0.052238421
       16.800000     0.046645237
       16.850000     0.041820019
       16.900000     0.037864011
       16.950000     0.034756915
       17.000000     0.032475781
       17.050000     0.030866453
       17.100000     0.029844714
       17.150000     0.029373319
       17.200000     0.029436020
       17.250000     0.029994256
       17.300000     0.031065441
       17.350000     0.032710338
       17.400000     0.034890402
       17.450000     0.037570746
       17.500000     0.040628451
       17.550000     0.043718408
       17.600000     0.046430289
       17.650000     0.048334250
       17.700000     0.049225587
       17.750000     0.049196517
       17.800000     0.048584295
       17.850000     0.047822591
       17.900000     0.047322756
       17.950000     0.047388058
       18.000000     0.048252980
       18.050000     0.049962308
       18.100000     0.052585136
       18.150000     0.056021957
       18.200000     0.060227031
       18.250000     0.065078600
       18.300000     0.070408092
       18.350000     0.076243110
       18.400000     0.082704758
       18.450000     0.089927446
       18.500000     0.097951662
       18.550000      0.10637164
       18.600000      0.11493163
       18.650000      0.12319057
       18.700000      0.13092312
       18.750000      0.13795697
       18.800000      0.14420139
       18.850000      0.14956003
       18.900000      0.15407894
       18.950000      0.15755691
       19.000000      0.16007488
       19.050000      0.16171758
       19.100000      0.16253883
       19.150000      0.16297000
       19.200000      0.16327541
       19.250000      0.16368921
       19.300000      0.16423933
       19.350000      0.16499074
       19.400000      0.16584533
       19.450000      0.16669218
       19.500000      0.16749207
       19.550000      0.16813721
       19.600000      0.16853438
       19.650000      0.16854023
       19.700000      0.16790094
       19.750000      0.16641999
       19.800000      0.16381553
       19.850000      0.15950467
       19.900000      0.15347587
       19.950000      0.14586231
       20.000000      0.13695878
       20.050000      0.12713063
       20.100000      0.11718383
       20.150000      0.10756386
       20.200000     0.098593703
       20.250000     0.090617916
       20.300000     0.083658373
       20.350000     0.077690990
       20.400000     0.072685052
       20.450000     0.068590872
       20.500000     0.065474070
       20.550000     0.063148700
       20.600000     0.061578761
       20.650000     0.060742569
       20.700000     0.060623415
       20.750000     0.061247875
       20.800000     0.062586866
       20.850000     0.064497052
       20.900000     0.066787903
       20.950000     0.069115478
       21.000000     0.070997744
       21.050000     0.071991359
       21.100000     0.071952040
       21.150000     0.071408432
       21.200000     0.071200801
       21.250000     0.071931240
       21.300000     0.073696247
       21.350000     0.075787672
       21.400000     0.077101659
       21.450000     0.077825649
       21.500000     0.079058840
       21.550000     0.081109279
       21.600000     0.083689670
       21.650000     0.086462201
       21.700000     0.089202653
       21.750000     0.091810400
       21.800000     0.094245735
       21.850000     0.096529587
       21.900000     0.098699505
       21.950000      0.10080506
       22.000000      0.10288516
       22.050000      0.10496380
       22.100000      0.10706337
       22.150000      0.10920874
       22.200000      0.11142086
       22.250000      0.11374576
       22.300000      0.11623048
       22.350000      0.11895370
       22.400000      0.12196800
       22.450000      0.12532323
       22.500000      0.12900783
       22.550000      0.13298955
       22.600000      0.13719444
       22.650000      0.14155021
       22.700000      0.14597857
       22.750000      0.15042384
       22.800000      0.15484870
       22.850000      0.15923714
       22.900000      0.16359213
       22.950000      0.16793134
       23.000000      0.17227844
       23.050000      0.17665277
       23.100000      0.18107129
       23.150000      0.18551727
       23.200000      0.18994392
       23.250000      0.19426773
       23.300000      0.19841184
       23.350000      0.20229274
       23.400000      0.20583696
       23.450000      0.20900107
       23.500000      0.21174836
       23.550000      0.21406547
       23.600000      0.21593240
       23.650000      0.21734250
       23.700000      0.21828579
       23.750000      0.21871564
       23.800000      0.21858207
       23.850000      0.21790507
       23.900000      0.21664798
       23.950000      0.21478742
       24.000000      0.21231336
       24.050000      0.20921571
       24.100000      0.20549771
       24.150000      0.20109583
       24.200000      0.19606648
       24.250000      0.19056957
       24.300000      0.18467836
       24.350000      0.17851625
       24.400000      0.17222669
       24.450000      0.16597160
       24.500000      0.16008318
       24.550000      0.15472837
       24.600000      0.14994982
       24.650000      0.14571616
       24.700000      0.14192027
       24.750000      0.13836116
       24.800000      0.13465433
       24.850000      0.13070882
       24.900000      0.12657931
       24.950000      0.12233808
       25.000000      0.11806033
       25.050000      0.11392004
       25.100000      0.10999805
       25.150000      0.10627278
       25.200000      0.10272940
       25.250000     0.099382694
       25.300000     0.096247902
       25.350000     0.093146775
       25.400000     0.090064711
       25.450000     0.086982426
       25.500000     0.083866956
       25.550000     0.080730356
       25.600000     0.077649989
       25.650000     0.074675319
       25.700000     0.071914105
       25.750000     0.069534367
       25.800000     0.067544335
       25.850000     0.065959718
       25.900000     0.064905674
       25.950000     0.064431991
       26.000000     0.064358232
       26.050000     0.064647745
       26.100000     0.065334338
       26.150000     0.066279028
       26.200000     0.067335087
       26.250000     0.068451880
       26.300000     0.069560996
       26.350000     0.070552646
       26.400000     0.071410126
       26.450000     0.072094524
       26.500000     0.072513353
       26.550000     0.072742693
       26.600000     0.072805858
       26.650000     0.072590781
       26.700000     0.072215879
       26.750000     0.071753040
       26.800000     0.071168042
       26.850000     0.070538130
       26.900000     0.069949448
       26.950000     0.069410339
       27.000000     0.068999066
       27.050000     0.068717176
       27.100000     0.068552332
       27.150000     0.068590038
       27.200000     0.068738008
       27.250000     0.068966201
       27.300000     0.069332469
       27.350000     0.069735560
       27.400000     0.070155131
       27.450000     0.070614715
       27.500000     0.071050083
       27.550000     0.071457249
       27.600000     0.071834085
       27.650000     0.072156382
       27.700000     0.072425815
       27.750000     0.072633283
       27.800000     0.072774567
       27.850000     0.072855661
       27.900000     0.072857161
       27.950000     0.072796836
       28.000000     0.072666644
       28.050000     0.072457564
       28.100000     0.072188001
       28.150000     0.071842224
       28.200000     0.071416913
       28.250000     0.070947486
       28.300000     0.070364429
       28.350000     0.069730243
       28.400000     0.069029550
       28.450000     0.068220918
       28.500000     0.067370844
       28.550000     0.066412498
       28.600000     0.065380965
       28.650000     0.064301976
       28.700000     0.063078631
       28.750000     0.061830211
       28.800000     0.060481208
       28.850000     0.059056677
       28.900000     0.057610411
       28.950000     0.056043502
       29.000000     0.054473233
       29.050000     0.052849141
       29.100000     0.051208642
       29.150000     0.049567114
       29.200000     0.047925859
       29.250000     0.046307631
       29.300000     0.044727760
       29.350000     0.043196621
       29.400000     0.041709871
       29.450000     0.040315922
       29.500000     0.038951347
       29.550000     0.037721646
       29.600000     0.036529001
       29.650000     0.035440182
       29.700000     0.034426477
       29.750000     0.033477872
       29.800000     0.032637766
       29.850000     0.031824030
       29.900000     0.031145832
       29.950000     0.030486991
       30.000000     0.029928965
       30.050000     0.029411993
       30.100000     0.028962782
       30.150000     0.028572984
       30.200000     0.028223238
       30.250000     0.027947588
       30.300000     0.027689292
       30.350000     0.027514769
       30.400000     0.027348920
       30.450000     0.027255161
       30.500000     0.027176418
       30.550000     0.027151075
       30.600000     0.027148425
       30.650000     0.027185825
       30.700000     0.027250594
       30.750000     0.027343400
       30.800000     0.027466583
       30.850000     0.027608792
       30.900000     0.027782720
       30.950000     0.027968666
       31.000000     0.028186670
       31.050000     0.028412021
       31.100000     0.028669434
       31.150000     0.028930856
       31.200000     0.029225678
       31.250000     0.029522837
       31.300000     0.029856066
       31.350000     0.030191966
       31.400000     0.030566262
       31.450000     0.030945897
       31.500000     0.031369256
       31.550000     0.031799955
       31.600000     0.032283038
       31.650000     0.032775128
       31.700000     0.033330928
       31.750000     0.033896735
       31.800000     0.034538912
       31.850000     0.035190761
       31.900000     0.035933975
       31.950000     0.036685193
       32.000000     0.037543103
       32.050000     0.038408683
       32.100000     0.039391283
       32.150000     0.040385886
       32.200000     0.041498503
       32.250000     0.042633123
       32.300000     0.043880418
       32.350000     0.045161715
       32.400000     0.046545349
       32.450000     0.047973650
       32.500000     0.049488286
       32.550000     0.051055921
       32.600000     0.052688889
       32.650000     0.054376525
       32.700000     0.056105495
       32.750000     0.057883467
       32.800000     0.059674778
       32.850000     0.061503090
       32.900000     0.063318750
       32.950000     0.065149742
       33.000000     0.066948091
       33.050000     0.068723776
       33.100000     0.070453821
       33.150000     0.072102234
       33.200000     0.073685343
       33.250000     0.075114211
       33.300000     0.076403157
       33.350000     0.077500230
       33.400000     0.078276197
       33.450000     0.078985511
       33.500000     0.079303082
       33.550000     0.079615281
       33.600000     0.080019238
       33.650000     0.080432792
       33.700000     0.080992746
       33.750000     0.081639503
       33.800000     0.082269197
       33.850000     0.082865441
       33.900000     0.083439001
       33.950000     0.083802904
       34.000000     0.084145122
       34.050000     0.084278056
       34.100000     0.084323664
       34.150000     0.084230301
       34.200000     0.083950984
       34.250000     0.083653322
       34.300000     0.083043086
       34.350000     0.082442820
       34.400000     0.081607286
       34.450000     0.080692751
       34.500000     0.079683221
       34.550000     0.078476718
       34.600000     0.077304867
       34.650000     0.075863349
       34.700000     0.074444818
       34.750000     0.072920586
       34.800000     0.071312318
       34.850000     0.069716704
       34.900000     0.067990314
       34.950000     0.066292259
       35.000000     0.064547086
       35.050000     0.062791867
       35.100000     0.061049606
       35.150000     0.059292187
       35.200000     0.057555458
       35.250000     0.055839223
       35.300000     0.054139292
       35.350000     0.052466651
       35.400000     0.050835865
       35.450000     0.049217106
       35.500000     0.047662212
       35.550000     0.046130963
       35.600000     0.044630697
       35.650000     0.043202001
       35.700000     0.041778657
       35.750000     0.040432256
       35.800000     0.039118173
       35.850000     0.037823761
       35.900000     0.036623312
       35.950000     0.035424539
       36.000000     0.034290766
       36.050000     0.033204658
       36.100000     0.032118556
       36.150000     0.031140805
       36.200000     0.030164390
       36.250000     0.029226324
       36.300000     0.028354948
       36.350000     0.027481905
       36.400000     0.026681564
       36.450000     0.025906568
       36.500000     0.025136575
       36.550000     0.024452631
       36.600000     0.023766018
       36.650000     0.023112759
       36.700000     0.022508864
       36.750000     0.021903300
       36.800000     0.021351105
       36.850000     0.020819923
       36.900000     0.020287406
       36.950000     0.019822935
       37.000000     0.019357463
       37.050000     0.018906667
       37.100000     0.018501902
       37.150000     0.018095469
       37.200000     0.017716053
       37.250000     0.017363989
       37.300000     0.017010257
       37.350000     0.016691882
       37.400000     0.016386515
       37.450000     0.016079813
       37.500000     0.015813806
       37.550000     0.015549799
       37.600000     0.015289128
       37.650000     0.015061480
       37.700000     0.014833498
       37.750000     0.014613423
       37.800000     0.014415899
       37.850000     0.014217274
       37.900000     0.014028826
       37.950000     0.013854560
       38.000000     0.013679226
       38.050000     0.013513407
       38.100000     0.013354999
       38.150000     0.013196158
       38.200000     0.013043302
       38.250000     0.012893990
       38.300000     0.012743644
       38.350000     0.012595254
       38.400000     0.012447507
       38.450000     0.012299059
       38.500000     0.012148438
       38.550000     0.011996423
       38.600000     0.011844375
       38.650000     0.011686554
       38.700000     0.011527840
       38.750000     0.011368726
       38.800000     0.011203970
       38.850000     0.011037153
       38.900000     0.010870969
       38.950000     0.010700141
       39.000000     0.010528551
       39.050000     0.010356960
       39.100000     0.010183652
       39.150000     0.010009982
       39.200000    0.0098369782
       39.250000    0.0096652519
       39.300000    0.0094942632
       39.350000    0.0093236075
       39.400000    0.0091565572
       39.450000    0.0089916774
       39.500000    0.0088273304
       39.550000    0.0086667856
       39.600000    0.0085109774
       39.650000    0.0083554023
       39.700000    0.0082032944
       39.750000    0.0080581552
       39.800000    0.0079128152
       39.850000    0.0077696084
       39.900000    0.0076352355
       39.950000    0.0075010291
       40.000000    0.0073668892
       40.050000    0.0072436488
       40.100000    0.0071204416
       40.150000    0.0069973342
       40.200000    0.0068824261
       40.250000    0.0067697843
       40.300000    0.0066572091
       40.350000    0.0065499665
       40.400000    0.0064471566
       40.450000    0.0063444133
       40.500000    0.0062442362
       40.550000    0.0061504251
       40.600000    0.0060566806
       40.650000    0.0059630027
       40.700000    0.0058772238
       40.750000    0.0057915448
       40.800000    0.0057059325
       40.850000    0.0056251863
       40.900000    0.0055468065
       40.950000    0.0054684600
       41.000000    0.0053922467
       41.050000    0.0053204329
       41.100000    0.0052486525
       41.150000    0.0051769054
       41.200000    0.0051106247
       41.250000    0.0050446106
       41.300000    0.0049786964
       41.350000    0.0049156488
       41.400000    0.0048549344
       41.450000    0.0047942200
       41.500000    0.0047341389
       41.550000    0.0046780912
       41.600000    0.0046220767
       41.650000    0.0045660956
       41.700000    0.0045128479
       41.750000    0.0044609669
       41.800000    0.0044091525
       41.850000    0.0043580381
       41.900000    0.0043099572
       41.950000    0.0042619763
       42.000000    0.0042139954
       42.050000    0.0041682147
       42.100000    0.0041235340
       42.150000    0.0040788867
       42.200000    0.0040346394
       42.250000    0.0039930924
       42.300000    0.0039515787
       42.350000    0.0039100317
       42.400000    0.0038700182
       42.450000    0.0038312049
       42.500000    0.0037924583
       42.550000    0.0037537450
       42.600000    0.0037173320
       42.650000    0.0036811190
       42.700000    0.0036449394
       42.750000    0.0036094598
       42.800000    0.0035755140
       42.850000    0.0035415682
       42.900000    0.0035076890
       42.950000    0.0034751100
       43.000000    0.0034432978
       43.050000    0.0034115189
       43.100000    0.0033797734
       43.150000    0.0033497284
       43.200000    0.0033198167
       43.250000    0.0032899717
       43.300000    0.0032604601
       43.350000    0.0032323488
       43.400000    0.0032043042
       43.450000    0.0031762262
       43.500000    0.0031489151
       43.550000    0.0031224376
       43.600000    0.0030959934
       43.650000    0.0030695825
       43.700000    0.0030441052
       43.750000    0.0030191948
       43.800000    0.0029943177
       43.850000    0.0029694406
       43.900000    0.0029455971
       43.950000    0.0029220204
       44.000000    0.0028984770
       44.050000    0.0028750003
       44.100000    0.0028526573
       44.150000    0.0028303810
       44.200000    0.0028081714
       44.250000    0.0027859951
       44.300000    0.0027649525
       44.350000    0.0027439099
       44.400000    0.0027228673
       44.450000    0.0027020248
       44.500000    0.0026820492
       44.550000    0.0026620736
       44.600000    0.0026421314
       44.650000    0.0026223559
       44.700000    0.0026034474
       44.750000    0.0025845722
       44.800000    0.0025657304
       44.850000    0.0025469886
       44.900000    0.0025290471
       44.950000    0.0025110722
       45.000000    0.0024931640
       45.050000    0.0024752892
       45.100000    0.0024582814
       45.150000    0.0024412402
       45.200000    0.0024242324
       45.250000    0.0024073246
       45.300000    0.0023910171
       45.350000    0.0023748096
       45.400000    0.0023586688
       45.450000    0.0023424613
       45.500000    0.0023269541
       45.550000    0.0023115469
       45.600000    0.0022961730
       45.650000    0.0022808325
       45.700000    0.0022659922
       45.750000    0.0022512853
       45.800000    0.0022366451
       45.850000    0.0022220048
       45.900000    0.0022077981
       45.950000    0.0021937581
       46.000000    0.0021798515
       46.050000    0.0021659115
       46.100000    0.0021522050
       46.150000    0.0021388320
       46.200000    0.0021255590
       46.250000    0.0021122527
       46.300000    0.0020989797
       46.350000    0.0020862737
       46.400000    0.0020735676
       46.450000    0.0020608949
       46.500000    0.0020482555
       46.550000    0.0020359496
       46.600000    0.0020238104
       46.650000    0.0020116713
       46.700000    0.0019995988
       46.750000    0.0019877264
       46.800000    0.0019761541
       46.850000    0.0019645485
       46.900000    0.0019529762
       46.950000    0.0019414706
       47.000000    0.0019303985
       47.050000    0.0019192932
       47.100000    0.0019082545
       47.150000    0.0018972158
       47.200000    0.0018864773
       47.250000    0.0018759388
       47.300000    0.0018653670
       47.350000    0.0018548285
       47.400000    0.0018443234
       47.450000    0.0018342185
       47.500000    0.0018240469
       47.550000    0.0018139420
       47.600000    0.0018038704
       47.650000    0.0017939990
       47.700000    0.0017842942
       47.750000    0.0017746228
       47.800000    0.0017649180
       47.850000    0.0017553133
       47.900000    0.0017460421
       47.950000    0.0017367709
       48.000000    0.0017275331
       48.050000    0.0017182953
       48.100000    0.0017092242
       48.150000    0.0017003198
       48.200000    0.0016914821
       48.250000    0.0016825778
       48.300000    0.0016737401
       48.350000    0.0016651358
       48.400000    0.0016565983
       48.450000    0.0016480941
       48.500000    0.0016395899
       48.550000    0.0016311524
       48.600000    0.0016229817
       48.650000    0.0016147777
       48.700000    0.0016066071
       48.750000    0.0015984697
       48.800000    0.0015904658
       48.850000    0.0015825953
       48.900000    0.0015747581
       48.950000    0.0015669876
       49.000000    0.0015591504
       49.050000    0.0015515800
       49.100000    0.0015440763
       49.150000    0.0015365726
       49.200000    0.0015290689
       49.250000    0.0015216319
       49.300000    0.0015142950
       49.350000    0.0015070581
       49.400000    0.0014998546
       49.450000    0.0014926510
       49.500000    0.0014854808
       49.550000    0.0014785107
       49.600000    0.0014716073
       49.650000    0.0014646706
       49.700000    0.0014578005
       49.750000    0.0014508638
       49.800000    0.0014441938
       49.850000    0.0014375572
       49.900000    0.0014309206
       49.950000    0.0014242840
       50.000000    0.0014228500
       50.050000    0.0014214494
       50.100000    0.0014200487
       50.150000    0.0014186147
       50.200000    0.0014172141
       50.250000    0.0014157801
       50.300000    0.0014143795
       50.350000    0.0014129455
       50.400000    0.0014115782
       50.450000    0.0014101442
       50.500000    0.0014087769
       50.550000    0.0014074096
       50.600000    0.0014060090
       50.650000    0.0014046083
       50.700000    0.0014032077
       50.750000    0.0014018404
       50.800000    0.0014004398
       50.850000    0.0013991058
       50.900000    0.0013977052
       50.950000    0.0013963379
       51.000000    0.0013949706
       51.050000    0.0013936033
       51.100000    0.0013922360
       51.150000    0.0013908687
       51.200000    0.0013895348
       51.250000    0.0013881675
       51.300000    0.0013868002
       51.350000    0.0013854662
       51.400000    0.0013840990
       51.450000    0.0013827650
       51.500000    0.0013814311
       51.550000    0.0013800971
       51.600000    0.0013787632
       51.650000    0.0013773959
       51.700000    0.0013760620
       51.750000    0.0013747280
       51.800000    0.0013733941
       51.850000    0.0013720935
       51.900000    0.0013707929
       51.950000    0.0013694256
       52.000000    0.0013681250
       52.050000    0.0013668244
       52.100000    0.0013654905
       52.150000    0.0013641899
       52.200000    0.0013628893
       52.250000    0.0013616220
       52.300000    0.0013602881
       52.350000    0.0013589875
       52.400000    0.0013576869
       52.450000    0.0013563863
       52.500000    0.0013550857
       52.550000    0.0013538518
       52.600000    0.0013525512
       52.650000    0.0013512506
       52.700000    0.0013499501
       52.750000    0.0013486828
       52.800000    0.0013473822
       52.850000    0.0013461150
       52.900000    0.0013448477
       52.950000    0.0013436138
       53.000000    0.0013423132
       53.050000    0.0013410793
       53.100000    0.0013397787
       53.150000    0.0013385448
       53.200000    0.0013372776
       53.250000    0.0013360103
       53.300000    0.0013347431
       53.350000    0.0013335425
       53.400000    0.0013322753
       53.450000    0.0013310414
       53.500000    0.0013297742
       53.550000    0.0013285402
       53.600000    0.0013272730
       53.650000    0.0013260391
       53.700000    0.0013248052
       53.750000    0.0013235713
       53.800000    0.0013223708
       53.850000    0.0013211702
       53.900000    0.0013199030
       53.950000    0.0013186691
       54.000000    0.0013174652
       54.050000    0.0013162246
       54.100000    0.0013150474
       54.150000    0.0013138069
       54.200000    0.0013125996
       54.250000    0.0013113958
       54.300000    0.0013101885
       54.350000    0.0013089847
       54.400000    0.0013077807
       54.450000    0.0013065736
       54.500000    0.0013053730
       54.550000    0.0013042025
       54.600000    0.0013029652
       54.650000    0.0013017980
       54.700000    0.0013006308
       54.750000    0.0012993969
       54.800000    0.0012982297
       54.850000    0.0012970625
       54.900000    0.0012958620
       54.950000    0.0012946982
       55.000000    0.0012935009
       55.050000    0.0012923370
       55.100000    0.0012911731
       55.150000    0.0012899760
       55.200000    0.0012888121
       55.250000    0.0012876516
       55.300000    0.0012864877
       55.350000    0.0012853272
       55.400000    0.0012841666
       55.450000    0.0012830428
       55.500000    0.0012818823
       55.550000    0.0012807217
       55.600000    0.0012795645
       55.650000    0.0012784073
       55.700000    0.0012772835
       55.750000    0.0012761263
       55.800000    0.0012749558
       55.850000    0.0012738353
       55.900000    0.0012726814
       55.950000    0.0012715642
       56.000000    0.0012704137
       56.050000    0.0012692631
       56.100000    0.0012681460
       56.150000    0.0012670355
       56.200000    0.0012658850
       56.250000    0.0012647745
       56.300000    0.0012636306
       56.350000    0.0012625201
       56.400000    0.0012614129
       56.450000    0.0012602690
       56.500000    0.0012591619
       56.550000    0.0012580547
       56.600000    0.0012569509
       56.650000    0.0012558471
       56.700000    0.0012547432
       56.750000    0.0012536093
       56.800000    0.0012525055
       56.850000    0.0012514083
       56.900000    0.0012503078
       56.950000    0.0012492107
       57.000000    0.0012481135
       57.050000    0.0012470163
       57.100000    0.0012459525
       57.150000    0.0012448587
       57.200000    0.0012437682
       57.250000    0.0012426710
       57.300000    0.0012415805
       57.350000    0.0012404933
       57.400000    0.0012394362
       57.450000    0.0012383457
       57.500000    0.0012372619
       57.550000    0.0012362081
       57.600000    0.0012351242
       57.650000    0.0012340404
       57.700000    0.0012329899
       57.750000    0.0012319061
       57.800000    0.0012308556
       57.850000    0.0012297751
       57.900000    0.0012287313
       57.950000    0.0012276508
       58.000000    0.0012266070
       58.050000    0.0012255632
       58.100000    0.0012244860
       58.150000    0.0012234456
       58.200000    0.0012224018
       58.250000    0.0012213313
       58.300000    0.0012202908
       58.350000    0.0012192537
       58.400000    0.0012182165
       58.450000    0.0012171460
       58.500000    0.0012161122
       58.550000    0.0012150784
       58.600000    0.0012140413
       58.650000    0.0012130108
       58.700000    0.0012119803
       58.750000    0.0012109465
       58.800000    0.0012099194
       58.850000    0.0012088889
       58.900000    0.0012078651
       58.950000    0.0012068346
       59.000000    0.0012058075
       59.050000    0.0012047837
       59.100000    0.0012037599
       59.150000    0.0012027661
       59.200000    0.0012017457
       59.250000    0.0012007219
       59.300000    0.0011997047
       59.350000    0.0011987176
       59.400000    0.0011977005
       59.450000    0.0011966800
       59.500000    0.0011956962
       59.550000    0.0011946791
       59.600000    0.0011936619
       59.650000    0.0011926815
       59.700000    0.0011916677
       59.750000    0.0011906873
       59.800000    0.0011896735
       59.850000    0.0011886997
       59.900000    0.0011876859
       59.950000    0.0011867088
       60.000000    0.0011857350
       60.050000    0.0011847245
       60.100000    0.0011837541
       60.150000    0.0011827470
       60.200000    0.0011817765
       60.250000    0.0011808028
       60.300000    0.0011798323
       60.350000    0.0011788318
       60.400000    0.0011778614
       60.450000    0.0011768943
       60.500000    0.0011759239
       60.550000    0.0011749568
       60.600000    0.0011739930
       60.650000    0.0011729958
       60.700000    0.0011720321
       60.750000    0.0011710683
       60.800000    0.0011701079
       60.850000    0.0011691441
       60.900000    0.0011681836
       60.950000    0.0011672265
       61.000000    0.0011662661
       61.050000    0.0011653424
       61.100000    0.0011643819
       61.150000    0.0011634282
       61.200000    0.0011624711
       61.250000    0.0011615173
       61.300000    0.0011605602
       61.350000    0.0011596431
       61.400000    0.0011586893
       61.450000    0.0011577356
       61.500000    0.0011567884
       61.550000    0.0011558714
       61.600000    0.0011549209
       61.650000    0.0011539738
       61.700000    0.0011530601
       61.750000    0.0011521096
       61.800000    0.0011511959
       61.850000    0.0011502521
       61.900000    0.0011493083
       61.950000    0.0011483980
       62.000000    0.0011474542
       62.050000    0.0011465471
       62.100000    0.0011456367
       62.150000    0.0011446963
       62.200000    0.0011437892
       62.250000    0.0011428487
       62.300000    0.0011419450
       62.350000    0.0011410379
       62.400000    0.0011401041
       62.450000    0.0011392004
       62.500000    0.0011383000
       62.550000    0.0011373963
       62.600000    0.0011364625
       62.650000    0.0011355621
       62.700000    0.0011346617
       62.750000    0.0011337646
       62.800000    0.0011328642
       62.850000    0.0011319371
       62.900000    0.0011310400
       62.950000    0.0011301429
       63.000000    0.0011292459
       63.050000    0.0011283555
       63.100000    0.0011274617
       63.150000    0.0011265680
       63.200000    0.0011256742
       63.250000    0.0011247872
       63.300000    0.0011238967
       63.350000    0.0011230030
       63.400000    0.0011221159
       63.450000    0.0011212622
       63.500000    0.0011203718
       63.550000    0.0011194848
       63.600000    0.0011186010
       63.650000    0.0011177139
       63.700000    0.0011168302
       63.750000    0.0011159798
       63.800000    0.0011150961
       63.850000    0.0011142123
       63.900000    0.0011133653
       63.950000    0.0011124816
       64.000000    0.0011116011
       64.050000    0.0011107574
       64.100000    0.0011098770
       64.150000    0.0011089999
       64.200000    0.0011081562
       64.250000    0.0011072758
       64.300000    0.0011064355
       64.350000    0.0011055584
       64.400000    0.0011047180
       64.450000    0.0011038443
       64.500000    0.0011030039
       64.550000    0.0011021301
       64.600000    0.0011012898
       64.650000    0.0011004193
       64.700000    0.0010995790
       64.750000    0.0010987453
       64.800000    0.0010978749
       64.850000    0.0010970378
       64.900000    0.0010962041
       64.950000    0.0010953370
       65.000000    0.0010945033
       65.050000    0.0010936730
       65.100000    0.0010928393
       65.150000    0.0010919722
       65.200000    0.0010911418
       65.250000    0.0010903114
       65.300000    0.0010894810
       65.350000    0.0010886540
       65.400000    0.0010878270
       65.450000    0.0010869999
       65.500000    0.0010861395
       65.550000    0.0010853124
       65.600000    0.0010844854
       65.650000    0.0010836617
       65.700000    0.0010828347
       65.750000    0.0010820143
       65.800000    0.0010811872
       65.850000    0.0010803669
       65.900000    0.0010795465
       65.950000    0.0010787595
       66.000000    0.0010779391
       66.050000    0.0010771187
       66.100000    0.0010762984
       66.150000    0.0010754780
       66.200000    0.0010746609
       66.250000    0.0010738439
       66.300000    0.0010730602
       66.350000    0.0010722465
       66.400000    0.0010714295
       66.450000    0.0010706124
       66.500000    0.0010698321
       66.550000    0.0010690184
       66.600000    0.0010682046
       66.650000    0.0010674310
       66.700000    0.0010666173
       66.750000    0.0010658035
       66.800000    0.0010650299
       66.850000    0.0010642162
       66.900000    0.0010634091
       66.950000    0.0010626354
       67.000000    0.0010618251
       67.050000    0.0010610514
       67.100000    0.0010602443
       67.150000    0.0010594740
       67.200000    0.0010586669
       67.250000    0.0010578933
       67.300000    0.0010570896
       67.350000    0.0010563192
       67.400000    0.0010555489
       67.450000    0.0010547485
       67.500000    0.0010539782
       67.550000    0.0010531778
       67.600000    0.0010524108
       67.650000    0.0010516438
       67.700000    0.0010508434
       67.750000    0.0010500764
       67.800000    0.0010493127
       67.850000    0.0010485490
       67.900000    0.0010477486
       67.950000    0.0010469883
       68.000000    0.0010462246
       68.050000    0.0010454609
       68.100000    0.0010447006
       68.150000    0.0010439069
       68.200000    0.0010431465
       68.250000    0.0010423862
       68.300000    0.0010416258
       68.350000    0.0010408655
       68.400000    0.0010401118
       68.450000    0.0010393515
       68.500000    0.0010385978
       68.550000    0.0010378375
       68.600000    0.0010370838
       68.650000    0.0010363268
       68.700000    0.0010355731
       68.750000    0.0010348194
       68.800000    0.0010340657
       68.850000    0.0010333121
       68.900000    0.0010325584
       68.950000    0.0010318047
       69.000000    0.0010310577
       69.050000    0.0010303040
       69.100000    0.0010295570
       69.150000    0.0010288367
       69.200000    0.0010280897
       69.250000    0.0010273393
       69.300000    0.0010265923
       69.350000    0.0010258453
       69.400000    0.0010251317
       69.450000    0.0010243846
       69.500000    0.0010236376
       69.550000    0.0010228939
       69.600000    0.0010221836
       69.650000    0.0010214366
       69.700000    0.0010206963
       69.750000    0.0010199860
       69.800000    0.0010192423
       69.850000    0.0010184986
       69.900000    0.0010177916
       69.950000    0.0010170513
       70.000000    0.0010163443
       70.050000    0.0010156040
       70.100000    0.0010148636
       70.150000    0.0010141600
       70.200000    0.0010134196
       70.250000    0.0010127160
       70.300000    0.0010119789
       70.350000    0.0010112753
       70.400000    0.0010105383
       70.450000    0.0010098347
       70.500000    0.0010091344
       70.550000    0.0010084007
       70.600000    0.0010077004
       70.650000    0.0010069667
       70.700000    0.0010062664
       70.750000    0.0010055694
       70.800000    0.0010048357
       70.850000    0.0010041354
       70.900000    0.0010034384
       70.950000    0.0010027080
       71.000000    0.0010020111
       71.050000    0.0010013174
       71.100000    0.0010006171
       71.150000   0.00099989009
       71.200000   0.00099919645
       71.250000   0.00099850281
       71.300000   0.00099780917
       71.350000   0.00099711553
       71.400000   0.00099639182
       71.450000   0.00099569818
       71.500000   0.00099500787
       71.550000   0.00099431423
       71.600000   0.00099362392
       71.650000   0.00099293361
       71.700000   0.00099224330
       71.750000   0.00099155632
       71.800000   0.00099086934
       71.850000   0.00099014563
       71.900000   0.00098945865
       71.950000   0.00098877167
       72.000000   0.00098808469
       72.050000   0.00098739771
       72.100000   0.00098671406
       72.150000   0.00098606048
       72.200000   0.00098537350
       72.250000   0.00098469318
       72.300000   0.00098400953
       72.350000   0.00098332255
       72.400000   0.00098264223
       72.450000   0.00098195858
       72.500000   0.00098127826
       72.550000   0.00098059794
       72.600000   0.00097995102
       72.650000   0.00097926737
       72.700000   0.00097858705
       72.750000   0.00097790673
       72.800000   0.00097722974
       72.850000   0.00097658615
       72.900000   0.00097590916
       72.950000   0.00097522884
       73.000000   0.00097455185
       73.050000   0.00097391159
       73.100000   0.00097323127
       73.150000   0.00097255761
       73.200000   0.00097191402
       73.250000   0.00097124036
       73.300000   0.00097056670
       73.350000   0.00096992644
       73.400000   0.00096925611
       73.450000   0.00096858245
       73.500000   0.00096794219
       73.550000   0.00096727186
       73.600000   0.00096663160
       73.650000   0.00096596127
       73.700000   0.00096528761
       73.750000   0.00096465401
       73.800000   0.00096398368
       73.850000   0.00096335008
       73.900000   0.00096267975
       73.950000   0.00096204615
       74.000000   0.00096141255
       74.050000   0.00096074222
       74.100000   0.00096010862
       74.150000   0.00095944162
       74.200000   0.00095880802
       74.250000   0.00095814435
       74.300000   0.00095751075
       74.350000   0.00095688048
       74.400000   0.00095621681
       74.450000   0.00095558654
       74.500000   0.00095495627
       74.550000   0.00095429593
       74.600000   0.00095366233
       74.650000   0.00095303539
       74.700000   0.00095237172
       74.750000   0.00095174478
       74.800000   0.00095112117
       74.850000   0.00095049423
       74.900000   0.00094983389
       74.950000   0.00094920695
       75.000000   0.00094858334
       75.050000   0.00094795640
       75.100000   0.00094729939
       75.150000   0.00094667245
       75.200000   0.00094604884
       75.250000   0.00094542856
       75.300000   0.00094480162
       75.350000   0.00094417801
       75.400000   0.00094355773
       75.450000   0.00094290405
       75.500000   0.00094228044
       75.550000   0.00094166016
       75.600000   0.00094104321
       75.650000   0.00094042293
       75.700000   0.00093979932
       75.750000   0.00093917904
       75.800000   0.00093856209
       75.850000   0.00093794181
       75.900000   0.00093732819
       75.950000   0.00093671124
       76.000000   0.00093609096
       76.050000   0.00093547401
       76.100000   0.00093486039
       76.150000   0.00093424344
       76.200000   0.00093362982
       76.250000   0.00093301287
       76.300000   0.00093239925
       76.350000   0.00093181903
       76.400000   0.00093120208
       76.450000   0.00093058846
       76.500000   0.00092997817
       76.550000   0.00092936455
       76.600000   0.00092875093
       76.650000   0.00092814064
       76.700000   0.00092756375
       76.750000   0.00092695013
       76.800000   0.00092634317
       76.850000   0.00092573288
       76.900000   0.00092511926
       76.950000   0.00092454570
       77.000000   0.00092393541
       77.050000   0.00092332845
       77.100000   0.00092275156
       77.150000   0.00092214460
       77.200000   0.00092154097
       77.250000   0.00092093068
       77.300000   0.00092035712
       77.350000   0.00091975349
       77.400000   0.00091914653
       77.450000   0.00091857297
       77.500000   0.00091796934
       77.550000   0.00091739911
       77.600000   0.00091679215
       77.650000   0.00091619185
       77.700000   0.00091562162
       77.750000   0.00091501799
       77.800000   0.00091445109
       77.850000   0.00091384413
       77.900000   0.00091327723
       77.950000   0.00091267693
       78.000000   0.00091207663
       78.050000   0.00091150973
       78.100000   0.00091090610
       78.150000   0.00091033920
       78.200000   0.00090977563
       78.250000   0.00090917533
       78.300000   0.00090861176
       78.350000   0.00090801146
       78.400000   0.00090744789
       78.450000   0.00090685092
       78.500000   0.00090628402
       78.550000   0.00090569038
       78.600000   0.00090512681
       78.650000   0.00090456324
       78.700000   0.00090396960
       78.750000   0.00090340603
       78.800000   0.00090284579
       78.850000   0.00090224882
       78.900000   0.00090168858
       78.950000   0.00090112834
       79.000000   0.00090053470
       79.050000   0.00089997446
       79.100000   0.00089941422
       79.150000   0.00089882391
       79.200000   0.00089826367
       79.250000   0.00089770676
       79.300000   0.00089714985
       79.350000   0.00089655621
       79.400000   0.00089599930
       79.450000   0.00089544572
       79.500000   0.00089488881
       79.550000   0.00089433190
       79.600000   0.00089374492
       79.650000   0.00089318801
       79.700000   0.00089263443
       79.750000   0.00089207752
       79.800000   0.00089152394
       79.850000   0.00089096703
       79.900000   0.00089041345
       79.950000   0.00088982980
       80.000000   0.00088927622
       80.050000   0.00088872597
       80.100000   0.00088816906
       80.150000   0.00088761881
       80.200000   0.00088706856
       80.250000   0.00088651831
       80.300000   0.00088596806
       80.350000   0.00088541781
       80.400000   0.00088486423
       80.450000   0.00088431398
       80.500000   0.00088376706
       80.550000   0.00088321681
       80.600000   0.00088266989
       80.650000   0.00088211964
       80.700000   0.00088157605
       80.750000   0.00088102580
       80.800000   0.00088047888
       80.850000   0.00087993196
       80.900000   0.00087938504
       80.950000   0.00087883812
       81.000000   0.00087829453
       81.050000   0.00087778101
       81.100000   0.00087723742
       81.150000   0.00087669050
       81.200000   0.00087614691
       81.250000   0.00087560332
       81.300000   0.00087505973
       81.350000   0.00087451614
       81.400000   0.00087400595
       81.450000   0.00087346236
       81.500000   0.00087291877
       81.550000   0.00087237851
       81.600000   0.00087183492
       81.650000   0.00087132806
       81.700000   0.00087078780
       81.750000   0.00087024754
       81.800000   0.00086970728
       81.850000   0.00086920042
       81.900000   0.00086866016
       81.950000   0.00086811990
       82.000000   0.00086761637
       82.050000   0.00086707611
       82.100000   0.00086653918
       82.150000   0.00086600225
       82.200000   0.00086549539
       82.250000   0.00086495846
       82.300000   0.00086442153
       82.350000   0.00086391800
       82.400000   0.00086338107
       82.450000   0.00086288087
       82.500000   0.00086234394
       82.550000   0.00086180701
       82.600000   0.00086130681
       82.650000   0.00086076988
       82.700000   0.00086026968
       82.750000   0.00085973608
       82.800000   0.00085920248
       82.850000   0.00085870228
       82.900000   0.00085817201
       82.950000   0.00085766848
       83.000000   0.00085713488
       83.050000   0.00085663801
       83.100000   0.00085610774
       83.150000   0.00085560754
       83.200000   0.00085507727
       83.250000   0.00085458040
       83.300000   0.00085405013
       83.350000   0.00085354993
       83.400000   0.00085301966
       83.450000   0.00085252612
       83.500000   0.00085202925
       83.550000   0.00085149898
       83.600000   0.00085100544
       83.650000   0.00085047517
       83.700000   0.00084998497
       83.750000   0.00084945470
       83.800000   0.00084896116
       83.850000   0.00084846429
       83.900000   0.00084794068
       83.950000   0.00084744714
       84.000000   0.00084695360
       84.050000   0.00084642666
       84.100000   0.00084593645
       84.150000   0.00084544291
       84.200000   0.00084491930
       84.250000   0.00084442909
       84.300000   0.00084393555
       84.350000   0.00084341194
       84.400000   0.00084292173
       84.450000   0.00084243152
       84.500000   0.00084194131
       84.550000   0.00084142103
       84.600000   0.00084093082
       84.650000   0.00084044061
       84.700000   0.00083995373
       84.750000   0.00083946352
       84.800000   0.00083893991
       84.850000   0.00083845303
       84.900000   0.00083796615
       84.950000   0.00083747927
       85.000000   0.00083699239
       85.050000   0.00083647211
       85.100000   0.00083598523
       85.150000   0.00083550168
       85.200000   0.00083501480
       85.250000   0.00083453125
       85.300000   0.00083404437
       85.350000   0.00083355749
       85.400000   0.00083304054
       85.450000   0.00083255699
       85.500000   0.00083207677
       85.550000   0.00083159322
       85.600000   0.00083110967
       85.650000   0.00083062612
       85.700000   0.00083014257
       85.750000   0.00082966235
       85.800000   0.00082917880
       85.850000   0.00082869525
       85.900000   0.00082821503
       85.950000   0.00082773148
       86.000000   0.00082725459
       86.050000   0.00082677104
       86.100000   0.00082629082
       86.150000   0.00082581060
       86.200000   0.00082533038
       86.250000   0.00082485349
       86.300000   0.00082437327
       86.350000   0.00082389305
       86.400000   0.00082341283
       86.450000   0.00082293594
       86.500000   0.00082245905
       86.550000   0.00082197883
       86.600000   0.00082150194
       86.650000   0.00082102505
       86.700000   0.00082058156
       86.750000   0.00082010467
       86.800000   0.00081962778
       86.850000   0.00081915422
       86.900000   0.00081867733
       86.950000   0.00081820044
       87.000000   0.00081772688
       87.050000   0.00081724999
       87.100000   0.00081680983
       87.150000   0.00081633627
       87.200000   0.00081585938
       87.250000   0.00081538915
       87.300000   0.00081491226
       87.350000   0.00081447210
       87.400000   0.00081400187
       87.450000   0.00081352498
       87.500000   0.00081305475
       87.550000   0.00081261459
       87.600000   0.00081214436
       87.650000   0.00081167413
       87.700000   0.00081120390
       87.750000   0.00081076374
       87.800000   0.00081029351
       87.850000   0.00080982328
       87.900000   0.00080935305
       87.950000   0.00080891622
       88.000000   0.00080844599
       88.050000   0.00080797576
       88.100000   0.00080753893
       88.150000   0.00080707203
       88.200000   0.00080660180
       88.250000   0.00080616497
       88.300000   0.00080569807
       88.350000   0.00080523117
       88.400000   0.00080479434
       88.450000   0.00080432744
       88.500000   0.00080386387
       88.550000   0.00080342704
       88.600000   0.00080296347
       88.650000   0.00080252664
       88.700000   0.00080206307
       88.750000   0.00080159617
       88.800000   0.00080116600
       88.850000   0.00080069577
       88.900000   0.00080026560
       88.950000   0.00079980203
       89.000000   0.00079937186
       89.050000   0.00079890496
       89.100000   0.00079847479
       89.150000   0.00079801122
       89.200000   0.00079758105
       89.250000   0.00079711748
       89.300000   0.00079668731
       89.350000   0.00079622707
       89.400000   0.00079579690
       89.450000   0.00079533333
       89.500000   0.00079490649
       89.550000   0.00079444625
       89.600000   0.00079401608
       89.650000   0.00079355584
       89.700000   0.00079312900
       89.750000   0.00079266543
       89.800000   0.00079223859
       89.850000   0.00079181508
       89.900000   0.00079135151
       89.950000   0.00079092800
       90.000000   0.00079046443
       90.050000   0.00079004092
       90.100000   0.00078961741
       90.150000   0.00078915717
       90.200000   0.00078873366
       90.250000   0.00078827342
       90.300000   0.00078784991
       90.350000   0.00078742307
       90.400000   0.00078696616
       90.450000   0.00078654265
       90.500000   0.00078611914
       90.550000   0.00078566223
       90.600000   0.00078524205
       90.650000   0.00078481854
       90.700000   0.00078436163
       90.750000   0.00078393812
       90.800000   0.00078351461
       90.850000   0.00078309776
       90.900000   0.00078264085
       90.950000   0.00078221734
       91.000000   0.00078179716
       91.050000   0.00078137698
       91.100000   0.00078092340
       91.150000   0.00078050322
       91.200000   0.00078008304
       91.250000   0.00077966286
       91.300000   0.00077920928
       91.350000   0.00077879243
       91.400000   0.00077836892
       91.450000   0.00077795207
       91.500000   0.00077753522
       91.550000   0.00077708164
       91.600000   0.00077666146
       91.650000   0.00077624461
       91.700000   0.00077582776
       91.750000   0.00077540758
       91.800000   0.00077499073
       91.850000   0.00077454048
       91.900000   0.00077412363
       91.950000   0.00077370678
       92.000000   0.00077328993
       92.050000   0.00077287308
       92.100000   0.00077245956
       92.150000   0.00077204604
       92.200000   0.00077162919
       92.250000   0.00077121234
       92.300000   0.00077076542
       92.350000   0.00077035190
       92.400000   0.00076993505
       92.450000   0.00076952153
       92.500000   0.00076910801
       92.550000   0.00076869449
       92.600000   0.00076828097
       92.650000   0.00076786745
       92.700000   0.00076745726
       92.750000   0.00076704041
       92.800000   0.00076663022
       92.850000   0.00076621337
       92.900000   0.00076580318
       92.950000   0.00076539299
       93.000000   0.00076497947
       93.050000   0.00076456928
       93.100000   0.00076415576
       93.150000   0.00076374557
       93.200000   0.00076333538
       93.250000   0.00076292519
       93.300000   0.00076251500
       93.350000   0.00076210481
       93.400000   0.00076169462
       93.450000   0.00076128443
       93.500000   0.00076087757
       93.550000   0.00076046738
       93.600000   0.00076009059
       93.650000   0.00075968040
       93.700000   0.00075927354
       93.750000   0.00075886668
       93.800000   0.00075845649
       93.850000   0.00075804630
       93.900000   0.00075764277
       93.950000   0.00075723258
       94.000000   0.00075682905
       94.050000   0.00075645226
       94.100000   0.00075604540
       94.150000   0.00075563854
       94.200000   0.00075523501
       94.250000   0.00075482482
       94.300000   0.00075442129
       94.350000   0.00075404783
       94.400000   0.00075364097
       94.450000   0.00075323744
       94.500000   0.00075283391
       94.550000   0.00075242705
       94.600000   0.00075205692
       94.650000   0.00075165006
       94.700000   0.00075124653
       94.750000   0.00075084300
       94.800000   0.00075043947
       94.850000   0.00075006934
       94.900000   0.00074966581
       94.950000   0.00074926228
       95.000000   0.00074885875
       95.050000   0.00074849195
       95.100000   0.00074808842
       95.150000   0.00074768489
       95.200000   0.00074731809
       95.250000   0.00074691456
       95.300000   0.00074651436
       95.350000   0.00074611416
       95.400000   0.00074574403
       95.450000   0.00074534383
       95.500000   0.00074494363
       95.550000   0.00074457683
       95.600000   0.00074417663
       95.650000   0.00074377643
       95.700000   0.00074340963
       95.750000   0.00074300943
       95.800000   0.00074260923
       95.850000   0.00074224243
       95.900000   0.00074184556
       95.950000   0.00074144536
       96.000000   0.00074108189
       96.050000   0.00074068169
       96.100000   0.00074031489
       96.150000   0.00073991802
       96.200000   0.00073952115
       96.250000   0.00073915768
       96.300000   0.00073876081
       96.350000   0.00073839401
       96.400000   0.00073799714
       96.450000   0.00073760027
       96.500000   0.00073724013
       96.550000   0.00073684326
       96.600000   0.00073647979
       96.650000   0.00073608292
       96.700000   0.00073571945
       96.750000   0.00073532258
       96.800000   0.00073495911
       96.850000   0.00073456890
       96.900000   0.00073420543
       96.950000   0.00073380856
       97.000000   0.00073345175
       97.050000   0.00073305488
       97.100000   0.00073269141
       97.150000   0.00073230120
       97.200000   0.00073193773
       97.250000   0.00073154752
       97.300000   0.00073118405
       97.350000   0.00073079384
       97.400000   0.00073043037
       97.450000   0.00073004016
       97.500000   0.00072968002
       97.550000   0.00072928648
       97.600000   0.00072892967
       97.650000   0.00072853613
       97.700000   0.00072817932
       97.750000   0.00072781918
       97.800000   0.00072742897
       97.850000   0.00072706883
       97.900000   0.00072667862
       97.950000   0.00072632181
       98.000000   0.00072596500
       98.050000   0.00072557479
       98.100000   0.00072521798
       98.150000   0.00072482777
       98.200000   0.00072447096
       98.250000   0.00072411415
       98.300000   0.00072372394
       98.350000   0.00072336713
       98.400000   0.00072301365
       98.450000   0.00072262344
       98.500000   0.00072226996
       98.550000   0.00072191315
       98.600000   0.00072152627
       98.650000   0.00072116946
       98.700000   0.00072081598
       98.750000   0.00072042910
       98.800000   0.00072007229
       98.850000   0.00071972214
       98.900000   0.00071933193
       98.950000   0.00071897845
       99.000000   0.00071862497
       99.050000   0.00071823809
       99.100000   0.00071788461
       99.150000   0.00071753113
       99.200000   0.00071718098
       99.250000   0.00071679410
       99.300000   0.00071644062
       99.350000   0.00071609047
       99.400000   0.00071573699
       99.450000   0.00071535011
       99.500000   0.00071499996
       99.550000   0.00071464981
       99.600000   0.00071429966
       99.650000   0.00071394618
       99.700000   0.00071356263
       99.750000   0.00071321248
       99.800000   0.00071286233
       99.850000   0.00071251218
       99.900000   0.00071212863
       99.950000   0.00071177848
       100.00000   0.00071142833
       109.65000   0.00064883307
       120.23000   0.00059174033
       131.83000   0.00053967654
       144.54000   0.00049218818
       158.49000   0.00044888173
       173.78000   0.00040938702
       190.55000   0.00037336390
       208.93000   0.00034051222
       229.09000   0.00031054854
       251.19000   0.00028322272
       275.42000   0.00025830467
       302.00000   0.00023557762
       331.13000   0.00021484815
       363.08000   0.00019594285
       398.11000   0.00017870497
       436.52000   0.00016297779
       478.63000   0.00014863790
       524.81000   0.00013556193
       575.44000   0.00012363415
       630.96000   0.00011275317
       691.83000   0.00010283197
       758.58000   9.3786179e-05
       831.76000   8.5533408e-05
       912.01000   7.8007638e-05
       1000.0000   7.1142833e-05
