        1927     1.5    2.0
       5.0000000     0.010760194
       5.0000000     0.010760194
       5.0500000     0.011010091
       5.1000000     0.011264088
       5.1500000     0.011522450
       5.2000000     0.011785278
       5.2500000     0.012052572
       5.3000000     0.012324664
       5.3500000     0.012601288
       5.4000000     0.012883111
       5.4500000     0.013169166
       5.5000000     0.013460820
       5.5500000     0.013757073
       5.6000000     0.014059058
       5.6500000     0.014365975
       5.7000000     0.014678557
       5.7500000     0.014995805
       5.8000000     0.015319385
       5.8500000     0.015647963
       5.9000000     0.015983540
       5.9500000     0.016324116
       6.0000000     0.016670690
       6.0500000     0.017023263
       6.1000000     0.017382168
       6.1500000     0.017747405
       6.2000000     0.018118974
       6.2500000     0.018496541
       6.3000000     0.018881107
       6.3500000     0.019272672
       6.4000000     0.019670901
       6.4500000     0.020075796
       6.5000000     0.020488023
       6.5500000     0.020907248
       6.6000000     0.021333472
       6.6500000     0.021767027
       6.7000000     0.022208248
       6.7500000     0.022811023
       6.8000000     0.023421764
       6.8500000     0.024029883
       6.9000000     0.024677603
       6.9500000     0.025335352
       7.0000000     0.025996739
       7.0500000     0.026698123
       7.1000000     0.027407474
       7.1500000     0.028139838
       7.2000000     0.028905871
       7.2500000     0.029702846
       7.3000000     0.030511792
       7.3500000     0.031344759
       7.4000000     0.032235027
       7.4500000     0.033164573
       7.5000000     0.034122141
       7.5500000     0.035137967
       7.6000000     0.036185786
       7.6500000     0.037290570
       7.7000000     0.038462977
       7.7500000     0.039685022
       7.8000000     0.040985677
       7.8500000     0.042355949
       7.9000000     0.043806170
       7.9500000     0.045370995
       8.0000000     0.046993739
       8.0500000     0.048787748
       8.1000000     0.050658998
       8.1500000     0.052684825
       8.2000000     0.054835557
       8.2500000     0.057182142
       8.3000000     0.059696262
       8.3500000     0.062442560
       8.4000000     0.065427984
       8.4500000     0.068692574
       8.5000000     0.072268869
       8.5500000     0.076224879
       8.6000000     0.080617868
       8.6500000     0.085520771
       8.7000000     0.091059793
       8.7500000     0.097356825
       8.8000000      0.10461567
       8.8500000      0.11313270
       8.9000000      0.12330892
       8.9500000      0.13577265
       9.0000000      0.15158291
       9.0500000      0.17256185
       9.1000000      0.20208342
       9.1500000      0.24676878
       9.2000000      0.31851631
       9.2500000      0.42620425
       9.3000000      0.52669344
       9.3500000      0.55574127
       9.4000000      0.52555293
       9.4500000      0.46967764
       9.5000000      0.42536027
       9.5500000      0.41776449
       9.6000000      0.44618829
       9.6500000      0.50391445
       9.7000000      0.58186268
       9.7500000      0.67341050
       9.8000000      0.76696441
       9.8500000      0.85457839
       9.9000000      0.94331382
       9.9500000       1.0467348
       10.000000       1.1810176
       10.050000       1.3675359
       10.100000       1.6055555
       10.150000       1.7598848
       10.200000       1.8091708
       10.250000       1.7149972
       10.300000       1.6151885
       10.350000       1.6011468
       10.400000       1.6670030
       10.450000       1.7397920
       10.500000       1.6857974
       10.550000       1.5404753
       10.600000       1.4269242
       10.650000       1.3039609
       10.700000       1.2229338
       10.750000       1.2270942
       10.800000       1.2857409
       10.850000       1.3693604
       10.900000       1.4599215
       10.950000       1.5331755
       11.000000       1.5827709
       11.050000       1.6231646
       11.100000       1.6652772
       11.150000       1.7128299
       11.200000       1.7661382
       11.250000       1.8234337
       11.300000       1.8817544
       11.350000       1.9369295
       11.400000       1.9822862
       11.450000       2.0082966
       11.500000       2.0074220
       11.550000       1.9830966
       11.600000       1.9383480
       11.650000       1.8520914
       11.700000       1.7456337
       11.750000       1.6540015
       11.800000       1.5928842
       11.850000       1.6105876
       11.900000       1.6978476
       11.950000       1.6810416
       12.000000       1.5550360
       12.050000       1.3872140
       12.100000       1.2189443
       12.150000       1.0769405
       12.200000      0.94482365
       12.250000      0.81100420
       12.300000      0.68693380
       12.350000      0.58387073
       12.400000      0.50217227
       12.450000      0.43819370
       12.500000      0.38774887
       12.550000      0.34747949
       12.600000      0.31474512
       12.650000      0.28776667
       12.700000      0.26523580
       12.750000      0.24620469
       12.800000      0.22996587
       12.850000      0.21599210
       12.900000      0.20389299
       12.950000      0.19332819
       13.000000      0.18409418
       13.050000      0.17593747
       13.100000      0.16873458
       13.150000      0.16235207
       13.200000      0.15668988
       13.250000      0.15165127
       13.300000      0.14716619
       13.350000      0.14317131
       13.400000      0.13962987
       13.450000      0.13648852
       13.500000      0.13369728
       13.550000      0.13123942
       13.600000      0.12910162
       13.650000      0.12723718
       13.700000      0.12563276
       13.750000      0.12428169
       13.800000      0.12317395
       13.850000      0.12227952
       13.900000      0.12160841
       13.950000      0.12114460
       14.000000      0.12088808
       14.050000      0.12082753
       14.100000      0.12096890
       14.150000      0.12132754
       14.200000      0.12187046
       14.250000      0.12264125
       14.300000      0.12361528
       14.350000      0.12482286
       14.400000      0.12628462
       14.450000      0.12799157
       14.500000      0.12996298
       14.550000      0.13224986
       14.600000      0.13485083
       14.650000      0.13784849
       14.700000      0.14123884
       14.750000      0.14509346
       14.800000      0.14952226
       14.850000      0.15458052
       14.900000      0.16036876
       14.950000      0.16707585
       15.000000      0.17491188
       15.050000      0.18409229
       15.100000      0.19497309
       15.150000      0.20797250
       15.200000      0.22374189
       15.250000      0.24294226
       15.300000      0.26618999
       15.350000      0.29379811
       15.400000      0.32498938
       15.450000      0.35704690
       15.500000      0.38526899
       15.550000      0.40504065
       15.600000      0.41477911
       15.650000      0.41693527
       15.700000      0.41649083
       15.750000      0.41839413
       15.800000      0.42616504
       15.850000      0.44169497
       15.900000      0.46565327
       15.950000      0.49801996
       16.000000      0.53810243
       16.050000      0.58495831
       16.100000      0.63734882
       16.150000      0.69409852
       16.200000      0.75394867
       16.250000      0.81525760
       16.300000      0.87590413
       16.350000      0.93355062
       16.400000      0.98569296
       16.450000       1.0300168
       16.500000       1.0643444
       16.550000       1.0864181
       16.600000       1.0947428
       16.650000       1.0881163
       16.700000       1.0658295
       16.750000       1.0277693
       16.800000      0.97544440
       16.850000      0.91344024
       16.900000      0.84740140
       16.950000      0.78335875
       17.000000      0.72726012
       17.050000      0.68104057
       17.100000      0.64554640
       17.150000      0.62103812
       17.200000      0.60746018
       17.250000      0.60377789
       17.300000      0.60988273
       17.350000      0.62640305
       17.400000      0.65220430
       17.450000      0.68651489
       17.500000      0.72752272
       17.550000      0.77019315
       17.600000      0.80887872
       17.650000      0.83732943
       17.700000      0.85183991
       17.750000      0.85253755
       17.800000      0.84291815
       17.850000      0.82850234
       17.900000      0.81513171
       17.950000      0.80752392
       18.000000      0.80964161
       18.050000      0.82228700
       18.100000      0.84649112
       18.150000      0.88013573
       18.200000      0.92201296
       18.250000      0.96927148
       18.300000       1.0180494
       18.350000       1.0668964
       18.400000       1.1166559
       18.450000       1.1716973
       18.500000       1.2369072
       18.550000       1.3118189
       18.600000       1.3967315
       18.650000       1.4873092
       18.700000       1.5813155
       18.750000       1.6760118
       18.800000       1.7690589
       18.850000       1.8592836
       18.900000       1.9439487
       18.950000       2.0203138
       19.000000       2.0861443
       19.050000       2.1393725
       19.100000       2.1775285
       19.150000       2.2035898
       19.200000       2.2201979
       19.250000       2.2330673
       19.300000       2.2464113
       19.350000       2.2651085
       19.400000       2.2900977
       19.450000       2.3202799
       19.500000       2.3563578
       19.550000       2.3966636
       19.600000       2.4391610
       19.650000       2.4825490
       19.700000       2.5245250
       19.750000       2.5612154
       19.800000       2.5886134
       19.850000       2.5993097
       19.900000       2.5889292
       19.950000       2.5548681
       20.000000       2.4965938
       20.050000       2.4135126
       20.100000       2.3138687
       20.150000       2.2022031
       20.200000       2.0829538
       20.250000       1.9612558
       20.300000       1.8412053
       20.350000       1.7263580
       20.400000       1.6199395
       20.450000       1.5246359
       20.500000       1.4442335
       20.550000       1.3776208
       20.600000       1.3252198
       20.650000       1.2870895
       20.700000       1.2632051
       20.750000       1.2540450
       20.800000       1.2592073
       20.850000       1.2762083
       20.900000       1.3024359
       20.950000       1.3329651
       21.000000       1.3605982
       21.050000       1.3771462
       21.100000       1.3761853
       21.150000       1.3597156
       21.200000       1.3381616
       21.250000       1.3231122
       21.300000       1.3215607
       21.350000       1.3272461
       21.400000       1.3231510
       21.450000       1.3097402
       21.500000       1.3064252
       21.550000       1.3215515
       21.600000       1.3514131
       21.650000       1.3896727
       21.700000       1.4314785
       21.750000       1.4740236
       21.800000       1.5156637
       21.850000       1.5557842
       21.900000       1.5942262
       21.950000       1.6309016
       22.000000       1.6656821
       22.050000       1.6980766
       22.100000       1.7276514
       22.150000       1.7540735
       22.200000       1.7776106
       22.250000       1.7989985
       22.300000       1.8197740
       22.350000       1.8417081
       22.400000       1.8665055
       22.450000       1.8954710
       22.500000       1.9293418
       22.550000       1.9680543
       22.600000       2.0111107
       22.650000       2.0576789
       22.700000       2.1066933
       22.750000       2.1569875
       22.800000       2.2075617
       22.850000       2.2576491
       22.900000       2.3067161
       22.950000       2.3546624
       23.000000       2.4016212
       23.050000       2.4480590
       23.100000       2.4942421
       23.150000       2.5405698
       23.200000       2.5871413
       23.250000       2.6337882
       23.300000       2.6798751
       23.350000       2.7246662
       23.400000       2.7674258
       23.450000       2.8073517
       23.500000       2.8439088
       23.550000       2.8766624
       23.600000       2.9054786
       23.650000       2.9304237
       23.700000       2.9516980
       23.750000       2.9696017
       23.800000       2.9843353
       23.850000       2.9960658
       23.900000       3.0049935
       23.950000       3.0111520
       24.000000       3.0144746
       24.050000       3.0148280
       24.100000       3.0118119
       24.150000       3.0046590
       24.200000       2.9924348
       24.250000       2.9742383
       24.300000       2.9491018
       24.350000       2.9161911
       24.400000       2.8751385
       24.450000       2.8263098
       24.500000       2.7734041
       24.550000       2.7208935
       24.600000       2.6728484
       24.650000       2.6327736
       24.700000       2.6027743
       24.750000       2.5835903
       24.800000       2.5721632
       24.850000       2.5611255
       24.900000       2.5474767
       24.950000       2.5287811
       25.000000       2.5042337
       25.050000       2.4774583
       25.100000       2.4490468
       25.150000       2.4194955
       25.200000       2.3885360
       25.250000       2.3549679
       25.300000       2.3166236
       25.350000       2.2715406
       25.400000       2.2192666
       25.450000       2.1603446
       25.500000       2.0966817
       25.550000       2.0305367
       25.600000       1.9642062
       25.650000       1.8993378
       25.700000       1.8373573
       25.750000       1.7801726
       25.800000       1.7276215
       25.850000       1.6801454
       25.900000       1.6400773
       25.950000       1.6094757
       26.000000       1.5860498
       26.050000       1.5695553
       26.100000       1.5616527
       26.150000       1.5603935
       26.200000       1.5628276
       26.250000       1.5681292
       26.300000       1.5768883
       26.350000       1.5863795
       26.400000       1.5962487
       26.450000       1.6067297
       26.500000       1.6178774
       26.550000       1.6292916
       26.600000       1.6414881
       26.650000       1.6547298
       26.700000       1.6690171
       26.750000       1.6846653
       26.800000       1.7015360
       26.850000       1.7193160
       26.900000       1.7381594
       26.950000       1.7574207
       27.000000       1.7757518
       27.050000       1.7932334
       27.100000       1.8087861
       27.150000       1.8201455
       27.200000       1.8277391
       27.250000       1.8304972
       27.300000       1.8273663
       27.350000       1.8190881
       27.400000       1.8056852
       27.450000       1.7884353
       27.500000       1.7679643
       27.550000       1.7450082
       27.600000       1.7216603
       27.650000       1.6975821
       27.700000       1.6733297
       27.750000       1.6504640
       27.800000       1.6278940
       27.850000       1.6061295
       27.900000       1.5856860
       27.950000       1.5657655
       28.000000       1.5466975
       28.050000       1.5284619
       28.100000       1.5107068
       28.150000       1.4936247
       28.200000       1.4769862
       28.250000       1.4607624
       28.300000       1.4448916
       28.350000       1.4293456
       28.400000       1.4140542
       28.450000       1.3989099
       28.500000       1.3840244
       28.550000       1.3691895
       28.600000       1.3544294
       28.650000       1.3398548
       28.700000       1.3250104
       28.750000       1.3103350
       28.800000       1.2954506
       28.850000       1.2803340
       28.900000       1.2653499
       28.950000       1.2495185
       29.000000       1.2336896
       29.050000       1.2172344
       29.100000       1.2002401
       29.150000       1.1828274
       29.200000       1.1643005
       29.250000       1.1453087
       29.300000       1.1251998
       29.350000       1.1043952
       29.400000       1.0825942
       29.450000       1.0601070
       29.500000       1.0366707
       29.550000       1.0130190
       29.600000      0.98875205
       29.650000      0.96451391
       29.700000      0.94036498
       29.750000      0.91632877
       29.800000      0.89341011
       29.850000      0.87040417
       29.900000      0.84957752
       29.950000      0.82890748
       30.000000      0.81020331
       30.050000      0.79236684
       30.100000      0.77604236
       30.150000      0.76118315
       30.200000      0.74738871
       30.250000      0.73552018
       30.300000      0.72423580
       30.350000      0.71515432
       30.400000      0.70647677
       30.450000      0.69975177
       30.500000      0.69358761
       30.550000      0.68889539
       30.600000      0.68494755
       30.650000      0.68209455
       30.700000      0.68009613
       30.750000      0.67889220
       30.800000      0.67855294
       30.850000      0.67876791
       30.900000      0.67985435
       30.950000      0.68130812
       31.000000      0.68359347
       31.050000      0.68610597
       31.100000      0.68941016
       31.150000      0.69284801
       31.200000      0.69705762
       31.250000      0.70132743
       31.300000      0.70638239
       31.350000      0.71149084
       31.400000      0.71738096
       31.450000      0.72335793
       31.500000      0.73019308
       31.550000      0.73713510
       31.600000      0.74507515
       31.650000      0.75315538
       31.700000      0.76243347
       31.750000      0.77185839
       31.800000      0.78272767
       31.850000      0.79372708
       31.900000      0.80647070
       31.950000      0.81928774
       32.000000      0.83416883
       32.050000      0.84908332
       32.100000      0.86631506
       32.150000      0.88363348
       32.200000      0.90330901
       32.250000      0.92332127
       32.300000      0.94551375
       32.350000      0.96829624
       32.400000      0.99310547
       32.450000       1.0187480
       32.500000       1.0461539
       32.550000       1.0745231
       32.600000       1.1043055
       32.650000       1.1351945
       32.700000       1.1669101
       32.750000       1.1997956
       32.800000       1.2329344
       32.850000       1.2671165
       32.900000       1.3009621
       32.950000       1.3355640
       33.000000       1.3693931
       33.050000       1.4033187
       33.100000       1.4362447
       33.150000       1.4682443
       33.200000       1.4989578
       33.250000       1.5273992
       33.300000       1.5537016
       33.350000       1.5768126
       33.400000       1.5951404
       33.450000       1.6120583
       33.500000       1.6223907
       33.550000       1.6325257
       33.600000       1.6434410
       33.650000       1.6541952
       33.700000       1.6673716
       33.750000       1.6819951
       33.800000       1.6964038
       33.850000       1.7108071
       33.900000       1.7246534
       33.950000       1.7358297
       34.000000       1.7466123
       34.050000       1.7543123
       34.100000       1.7607992
       34.150000       1.7653266
       34.200000       1.7669982
       34.250000       1.7684897
       34.300000       1.7651731
       34.350000       1.7621594
       34.400000       1.7553939
       34.450000       1.7474655
       34.500000       1.7379609
       34.550000       1.7251144
       34.600000       1.7128576
       34.650000       1.6955959
       34.700000       1.6786976
       34.750000       1.6593600
       34.800000       1.6381597
       34.850000       1.6168162
       34.900000       1.5919866
       34.950000       1.5674407
       35.000000       1.5408512
       35.050000       1.5133453
       35.100000       1.4854494
       35.150000       1.4560124
       35.200000       1.4265861
       35.250000       1.3963944
       35.300000       1.3659292
       35.350000       1.3354101
       35.400000       1.3047918
       35.450000       1.2741140
       35.500000       1.2438996
       35.550000       1.2137278
       35.600000       1.1837586
       35.650000       1.1545325
       35.700000       1.1251733
       35.750000       1.0967144
       35.800000       1.0685041
       35.850000       1.0403898
       35.900000       1.0134590
       35.950000      0.98631448
       36.000000      0.95999146
       36.050000      0.93419025
       36.100000      0.90820196
       36.150000      0.88381157
       36.200000      0.85921059
       36.250000      0.83512556
       36.300000      0.81210290
       36.350000      0.78886309
       36.400000      0.76690613
       36.450000      0.74534544
       36.500000      0.72379444
       36.550000      0.70396685
       36.600000      0.68403230
       36.650000      0.66476112
       36.700000      0.64660023
       36.750000      0.62839252
       36.800000      0.61144535
       36.850000      0.59505176
       36.900000      0.57860469
       36.950000      0.56387527
       37.000000      0.54919590
       37.050000      0.53492674
       37.100000      0.52188508
       37.150000      0.50885341
       37.200000      0.49659896
       37.250000      0.48511174
       37.300000      0.47364453
       37.350000      0.46320142
       37.400000      0.45315196
       37.450000      0.44312919
       37.500000      0.43427067
       37.550000      0.42552559
       37.600000      0.41693065
       37.650000      0.40930985
       37.700000      0.40170909
       37.750000      0.39439194
       37.800000      0.38775208
       37.850000      0.38113560
       37.900000      0.37485950
       37.950000      0.36902722
       38.000000      0.36321499
       38.050000      0.35771990
       38.100000      0.35249521
       38.150000      0.34729389
       38.200000      0.34232982
       38.250000      0.33751608
       38.300000      0.33271571
       38.350000      0.32804934
       38.400000      0.32344325
       38.450000      0.31885719
       38.500000      0.31428853
       38.550000      0.30974011
       38.600000      0.30520838
       38.650000      0.30061074
       38.700000      0.29600997
       38.750000      0.29142922
       38.800000      0.28675584
       38.850000      0.28207598
       38.900000      0.27740614
       38.950000      0.27267689
       39.000000      0.26794448
       39.050000      0.26322542
       39.100000      0.25850348
       39.150000      0.25378836
       39.200000      0.24908659
       39.250000      0.24444846
       39.300000      0.23984381
       39.350000      0.23525584
       39.400000      0.23077138
       39.450000      0.22636038
       39.500000      0.22196273
       39.550000      0.21768517
       39.600000      0.21352438
       39.650000      0.20938360
       39.700000      0.20533952
       39.750000      0.20146885
       39.800000      0.19761152
       39.850000      0.19382087
       39.900000      0.19025027
       39.950000      0.18669634
       40.000000      0.18315574
       40.050000      0.17988850
       40.100000      0.17662793
       40.150000      0.17338070
       40.200000      0.17034014
       40.250000      0.16737292
       40.300000      0.16440570
       40.350000      0.16158048
       40.400000      0.15887326
       40.450000      0.15617071
       40.500000      0.15353983
       40.550000      0.15107127
       40.600000      0.14861072
       40.650000      0.14616085
       40.700000      0.14390430
       40.750000      0.14165842
       40.800000      0.13942054
       40.850000      0.13730766
       40.900000      0.13525612
       40.950000      0.13321558
       41.000000      0.13122538
       41.050000      0.12934917
       41.100000      0.12748064
       41.150000      0.12561945
       41.200000      0.12388825
       41.250000      0.12217206
       41.300000      0.12046320
       41.350000      0.11882769
       41.400000      0.11725084
       41.450000      0.11567767
       41.500000      0.11412215
       41.550000      0.11266966
       41.600000      0.11122283
       41.650000      0.10977800
       41.700000      0.10840318
       41.750000      0.10706503
       41.800000      0.10572821
       41.850000      0.10441407
       41.900000      0.10317727
       41.950000      0.10194248
       42.000000      0.10070934
       42.050000     0.099533553
       42.100000     0.098388441
       42.150000     0.097245327
       42.200000     0.096111880
       42.250000     0.095045779
       42.300000     0.093984017
       42.350000     0.092923920
       42.400000     0.091902501
       42.450000     0.090913090
       42.500000     0.089924678
       42.550000     0.088941271
       42.600000     0.088012536
       42.650000     0.087089805
       42.700000     0.086172079
       42.750000     0.085271356
       42.800000     0.084409311
       42.850000     0.083547932
       42.900000     0.082691558
       42.950000     0.081867192
       43.000000     0.081061494
       43.050000     0.080259802
       43.100000     0.079456102
       43.150000     0.078698760
       43.200000     0.077943748
       43.250000     0.077193408
       43.300000     0.076448396
       43.350000     0.075743404
       43.400000     0.075035072
       43.450000     0.074331745
       43.500000     0.073644755
       43.550000     0.072979440
       43.600000     0.072318464
       43.650000     0.071655147
       43.700000     0.071018177
       43.750000     0.070394880
       43.800000     0.069772582
       43.850000     0.069150950
       43.900000     0.068553324
       43.950000     0.067966041
       44.000000     0.067380090
       44.050000     0.066794472
       44.100000     0.066237532
       44.150000     0.065683260
       44.200000     0.065130656
       44.250000     0.064581053
       44.300000     0.064056793
       44.350000     0.063534534
       44.400000     0.063013276
       44.450000     0.062496019
       44.500000     0.062000438
       44.550000     0.061506190
       44.600000     0.061012944
       44.650000     0.060524366
       44.700000     0.060057131
       44.750000     0.059590896
       44.800000     0.059125329
       44.850000     0.058663763
       44.900000     0.058220204
       44.950000     0.057777313
       45.000000     0.057336088
       45.050000     0.056897866
       45.100000     0.056478318
       45.150000     0.056060105
       45.200000     0.055642559
       45.250000     0.055226680
       45.300000     0.054828143
       45.350000     0.054429940
       45.400000     0.054033403
       45.450000     0.053637535
       45.500000     0.053258006
       45.550000     0.052881145
       45.600000     0.052504951
       45.650000     0.052130091
       45.700000     0.051767237
       45.750000     0.051409052
       45.800000     0.051051867
       45.850000     0.050695016
       45.900000     0.050347169
       45.950000     0.050006658
       46.000000     0.049667481
       46.050000     0.049328971
       46.100000     0.048995131
       46.150000     0.048670629
       46.200000     0.048347128
       46.250000     0.048024627
       46.300000     0.047703127
       46.350000     0.047394633
       46.400000     0.047086473
       46.450000     0.046779313
       46.500000     0.046473153
       46.550000     0.046175998
       46.600000     0.045882177
       46.650000     0.045589358
       46.700000     0.045297205
       46.750000     0.045010054
       46.800000     0.044730240
       46.850000     0.044450426
       46.900000     0.044171946
       46.950000     0.043894466
       47.000000     0.043626993
       47.050000     0.043360186
       47.100000     0.043094713
       47.150000     0.042829241
       47.200000     0.042570438
       47.250000     0.042316304
       47.300000     0.042062837
       47.350000     0.041810037
       47.400000     0.041558572
       47.450000     0.041315111
       47.500000     0.041072317
       47.550000     0.040829523
       47.600000     0.040587730
       47.650000     0.040351606
       47.700000     0.040119483
       47.750000     0.039887361
       47.800000     0.039655905
       47.850000     0.039425784
       47.900000     0.039204334
       47.950000     0.038982885
       48.000000     0.038762435
       48.050000     0.038542320
       48.100000     0.038326206
       48.150000     0.038113761
       48.200000     0.037902316
       48.250000     0.037691205
       48.300000     0.037480094
       48.350000     0.037275986
       48.400000     0.037072879
       48.450000     0.036870105
       48.500000     0.036667665
       48.550000     0.036467226
       48.600000     0.036272790
       48.650000     0.036078689
       48.700000     0.035885254
       48.750000     0.035691819
       48.800000     0.035501719
       48.850000     0.035315955
       48.900000     0.035130524
       48.950000     0.034945426
       49.000000     0.034760996
       49.050000     0.034580568
       49.100000     0.034402808
       49.150000     0.034225048
       49.200000     0.034048622
       49.250000     0.033872196
       49.300000     0.033699439
       49.350000     0.033529350
       49.400000     0.033358927
       49.450000     0.033189172
       49.500000     0.033019750
       49.550000     0.032855663
       49.600000     0.032692578
       49.650000     0.032529159
       49.700000     0.032366740
       49.750000     0.032204655
       49.800000     0.032047906
       49.850000     0.031891158
       49.900000     0.031735076
       49.950000     0.031578994
       50.000000     0.031547646
       50.050000     0.031515964
       50.100000     0.031484616
       50.150000     0.031453268
       50.200000     0.031421920
       50.250000     0.031390571
       50.300000     0.031359223
       50.350000     0.031328542
       50.400000     0.031297194
       50.450000     0.031266179
       50.500000     0.031234831
       50.550000     0.031204483
       50.600000     0.031173468
       50.650000     0.031142454
       50.700000     0.031112106
       50.750000     0.031081091
       50.800000     0.031050743
       50.850000     0.031020062
       50.900000     0.030989714
       50.950000     0.030959367
       51.000000     0.030929019
       51.050000     0.030898671
       51.100000     0.030868657
       51.150000     0.030837976
       51.200000     0.030808295
       51.250000     0.030777947
       51.300000     0.030747933
       51.350000     0.030718252
       51.400000     0.030688238
       51.450000     0.030658224
       51.500000     0.030628543
       51.550000     0.030598862
       51.600000     0.030569515
       51.650000     0.030539834
       51.700000     0.030509820
       51.750000     0.030480806
       51.800000     0.030451459
       51.850000     0.030422111
       51.900000     0.030392431
       51.950000     0.030363417
       52.000000     0.030334070
       52.050000     0.030305056
       52.100000     0.030275709
       52.150000     0.030246695
       52.200000     0.030218015
       52.250000     0.030189334
       52.300000     0.030159987
       52.350000     0.030131307
       52.400000     0.030102627
       52.450000     0.030073946
       52.500000     0.030045266
       52.550000     0.030016586
       52.600000     0.029988239
       52.650000     0.029959559
       52.700000     0.029931545
       52.750000     0.029902865
       52.800000     0.029874518
       52.850000     0.029846505
       52.900000     0.029818158
       52.950000     0.029790145
       53.000000     0.029761798
       53.050000     0.029733785
       53.100000     0.029705438
       53.150000     0.029677758
       53.200000     0.029649745
       53.250000     0.029622065
       53.300000     0.029594385
       53.350000     0.029566372
       53.400000     0.029538692
       53.450000     0.029511346
       53.500000     0.029483666
       53.550000     0.029456319
       53.600000     0.029428640
       53.650000     0.029400960
       53.700000     0.029373614
       53.750000     0.029346601
       53.800000     0.029319255
       53.850000     0.029292242
       53.900000     0.029264895
       53.950000     0.029237549
       54.000000     0.029210870
       54.050000     0.029183857
       54.100000     0.029156511
       54.150000     0.029129831
       54.200000     0.029103152
       54.250000     0.029076139
       54.300000     0.029049460
       54.350000     0.029022447
       54.400000     0.028996101
       54.450000     0.028969422
       54.500000     0.028942409
       54.550000     0.028916063
       54.600000     0.028889384
       54.650000     0.028863038
       54.700000     0.028836692
       54.750000     0.028811013
       54.800000     0.028784334
       54.850000     0.028757988
       54.900000     0.028731976
       54.950000     0.028705630
       55.000000     0.028679951
       55.050000     0.028653605
       55.100000     0.028627593
       55.150000     0.028601914
       55.200000     0.028575568
       55.250000     0.028549556
       55.300000     0.028523877
       55.350000     0.028498198
       55.400000     0.028472519
       55.450000     0.028446840
       55.500000     0.028421162
       55.550000     0.028395816
       55.600000     0.028370137
       55.650000     0.028344792
       55.700000     0.028319113
       55.750000     0.028293768
       55.800000     0.028268422
       55.850000     0.028243410
       55.900000     0.028218065
       55.950000     0.028192720
       56.000000     0.028167041
       56.050000     0.028142029
       56.100000     0.028117017
       56.150000     0.028092672
       56.200000     0.028067327
       56.250000     0.028042315
       56.300000     0.028017303
       56.350000     0.027992625
       56.400000     0.027967613
       56.450000     0.027942934
       56.500000     0.027918256
       56.550000     0.027893578
       56.600000     0.027868899
       56.650000     0.027844221
       56.700000     0.027819876
       56.750000     0.027795198
       56.800000     0.027771186
       56.850000     0.027746508
       56.900000     0.027722163
       56.950000     0.027697485
       57.000000     0.027673473
       57.050000     0.027649128
       57.100000     0.027624783
       57.150000     0.027600772
       57.200000     0.027576427
       57.250000     0.027552749
       57.300000     0.027528071
       57.350000     0.027504393
       57.400000     0.027480715
       57.450000     0.027456370
       57.500000     0.027432692
       57.550000     0.027409014
       57.600000     0.027385003
       57.650000     0.027361325
       57.700000     0.027337647
       57.750000     0.027313969
       57.800000     0.027289958
       57.850000     0.027266613
       57.900000     0.027243269
       57.950000     0.027219591
       58.000000     0.027195913
       58.050000     0.027172569
       58.100000     0.027149224
       58.150000     0.027125880
       58.200000     0.027102869
       58.250000     0.027079191
       58.300000     0.027056180
       58.350000     0.027033169
       58.400000     0.027009825
       58.450000     0.026986814
       58.500000     0.026963803
       58.550000     0.026940792
       58.600000     0.026917781
       58.650000     0.026894770
       58.700000     0.026871759
       58.750000     0.026849082
       58.800000     0.026826071
       58.850000     0.026803060
       58.900000     0.026780716
       58.950000     0.026757705
       59.000000     0.026735361
       59.050000     0.026712683
       59.100000     0.026690006
       59.150000     0.026667662
       59.200000     0.026644985
       59.250000     0.026622308
       59.300000     0.026599963
       59.350000     0.026577619
       59.400000     0.026555275
       59.450000     0.026532931
       59.500000     0.026510588
       59.550000     0.026488244
       59.600000     0.026465900
       59.650000     0.026443889
       59.700000     0.026421879
       59.750000     0.026399535
       59.800000     0.026377525
       59.850000     0.026355514
       59.900000     0.026333504
       59.950000     0.026311160
       60.000000     0.026289816
       60.050000     0.026267806
       60.100000     0.026245795
       60.150000     0.026223785
       60.200000     0.026202441
       60.250000     0.026180431
       60.300000     0.026158754
       60.350000     0.026137410
       60.400000     0.026115400
       60.450000     0.026093723
       60.500000     0.026072713
       60.550000     0.026050703
       60.600000     0.026029359
       60.650000     0.026007682
       60.700000     0.025986672
       60.750000     0.025964995
       60.800000     0.025943652
       60.850000     0.025921975
       60.900000     0.025900965
       60.950000     0.025879955
       61.000000     0.025858611
       61.050000     0.025837268
       61.100000     0.025816258
       61.150000     0.025795248
       61.200000     0.025774238
       61.250000     0.025752895
       61.300000     0.025731885
       61.350000     0.025711208
       61.400000     0.025690198
       61.450000     0.025669188
       61.500000     0.025648512
       61.550000     0.025627502
       61.600000     0.025606825
       61.650000     0.025586149
       61.700000     0.025565139
       61.750000     0.025544462
       61.800000     0.025523786
       61.850000     0.025503443
       61.900000     0.025482766
       61.950000     0.025462090
       62.000000     0.025441747
       62.050000     0.025420737
       62.100000     0.025400727
       62.150000     0.025380051
       62.200000     0.025359708
       62.250000     0.025339698
       62.300000     0.025319022
       62.350000     0.025298679
       62.400000     0.025278669
       62.450000     0.025257993
       62.500000     0.025237983
       62.550000     0.025217974
       62.600000     0.025197964
       62.650000     0.025177288
       62.700000     0.025157612
       62.750000     0.025137269
       62.800000     0.025117593
       62.850000     0.025097583
       62.900000     0.025077574
       62.950000     0.025057564
       63.000000     0.025037888
       63.050000     0.025018212
       63.100000     0.024998203
       63.150000     0.024978193
       63.200000     0.024958517
       63.250000     0.024938841
       63.300000     0.024919165
       63.350000     0.024899489
       63.400000     0.024879480
       63.450000     0.024859804
       63.500000     0.024840795
       63.550000     0.024821119
       63.600000     0.024801443
       63.650000     0.024781767
       63.700000     0.024762758
       63.750000     0.024743082
       63.800000     0.024723739
       63.850000     0.024704730
       63.900000     0.024685054
       63.950000     0.024665712
       64.000000     0.024646369
       64.050000     0.024627027
       64.100000     0.024608351
       64.150000     0.024588675
       64.200000     0.024569666
       64.250000     0.024550657
       64.300000     0.024531648
       64.350000     0.024512639
       64.400000     0.024493630
       64.450000     0.024474621
       64.500000     0.024455279
       64.550000     0.024436603
       64.600000     0.024417594
       64.650000     0.024398918
       64.700000     0.024379576
       64.750000     0.024360900
       64.800000     0.024342225
       64.850000     0.024323549
       64.900000     0.024304873
       64.950000     0.024285865
       65.000000     0.024267189
       65.050000     0.024248847
       65.100000     0.024229838
       65.150000     0.024211496
       65.200000     0.024193154
       65.250000     0.024174145
       65.300000     0.024155803
       65.350000     0.024137461
       65.400000     0.024119119
       65.450000     0.024100443
       65.500000     0.024082101
       65.550000     0.024063426
       65.600000     0.024045084
       65.650000     0.024027075
       65.700000     0.024008733
       65.750000     0.023990391
       65.800000     0.023972049
       65.850000     0.023954041
       65.900000     0.023936032
       65.950000     0.023917690
       66.000000     0.023899348
       66.050000     0.023882006
       66.100000     0.023863664
       66.150000     0.023845322
       66.200000     0.023827647
       66.250000     0.023809305
       66.300000     0.023791630
       66.350000     0.023773621
       66.400000     0.023755613
       66.450000     0.023737938
       66.500000     0.023719596
       66.550000     0.023702254
       66.600000     0.023684579
       66.650000     0.023666571
       66.700000     0.023648895
       66.750000     0.023630887
       66.800000     0.023613212
       66.850000     0.023595870
       66.900000     0.023577862
       66.950000     0.023560520
       67.000000     0.023542845
       67.050000     0.023525170
       67.100000     0.023507829
       67.150000     0.023490487
       67.200000     0.023473145
       67.250000     0.023455137
       67.300000     0.023438129
       67.350000     0.023420454
       67.400000     0.023403112
       67.450000     0.023386104
       67.500000     0.023368429
       67.550000     0.023351421
       67.600000     0.023334079
       67.650000     0.023317071
       67.700000     0.023299396
       67.750000     0.023282388
       67.800000     0.023265380
       67.850000     0.023248372
       67.900000     0.023231030
       67.950000     0.023213689
       68.000000     0.023196681
       68.050000     0.023179673
       68.100000     0.023162665
       68.150000     0.023145657
       68.200000     0.023128982
       68.250000     0.023111974
       68.300000     0.023094966
       68.350000     0.023077958
       68.400000     0.023060950
       68.450000     0.023044275
       68.500000     0.023027267
       68.550000     0.023010593
       68.600000     0.022993918
       68.650000     0.022977243
       68.700000     0.022960235
       68.750000     0.022943894
       68.800000     0.022926886
       68.850000     0.022910212
       68.900000     0.022893870
       68.950000     0.022877196
       69.000000     0.022860521
       69.050000     0.022843847
       69.100000     0.022827505
       69.150000     0.022810831
       69.200000     0.022794490
       69.250000     0.022778149
       69.300000     0.022761474
       69.350000     0.022745133
       69.400000     0.022728792
       69.450000     0.022712451
       69.500000     0.022696110
       69.550000     0.022679769
       69.600000     0.022663761
       69.650000     0.022647420
       69.700000     0.022631079
       69.750000     0.022614738
       69.800000     0.022598730
       69.850000     0.022582389
       69.900000     0.022566048
       69.950000     0.022550374
       70.000000     0.022534033
       70.050000     0.022518025
       70.100000     0.022501684
       70.150000     0.022486010
       70.200000     0.022469669
       70.250000     0.022453995
       70.300000     0.022437654
       70.350000     0.022421646
       70.400000     0.022405972
       70.450000     0.022390298
       70.500000     0.022373957
       70.550000     0.022358283
       70.600000     0.022342275
       70.650000     0.022326601
       70.700000     0.022310927
       70.750000     0.022295253
       70.800000     0.022278912
       70.850000     0.022263571
       70.900000     0.022247897
       70.950000     0.022232223
       71.000000     0.022216549
       71.050000     0.022200875
       71.100000     0.022185201
       71.150000     0.022169860
       71.200000     0.022154186
       71.250000     0.022138512
       71.300000     0.022122838
       71.350000     0.022107830
       71.400000     0.022092156
       71.450000     0.022076816
       71.500000     0.022061475
       71.550000     0.022045801
       71.600000     0.022030127
       71.650000     0.022015120
       71.700000     0.021999779
       71.750000     0.021984105
       71.800000     0.021969098
       71.850000     0.021953424
       71.900000     0.021938750
       71.950000     0.021923076
       72.000000     0.021908069
       72.050000     0.021892728
       72.100000     0.021877721
       72.150000     0.021862381
       72.200000     0.021847373
       72.250000     0.021832033
       72.300000     0.021817026
       72.350000     0.021802352
       72.400000     0.021786678
       72.450000     0.021772004
       72.500000     0.021756997
       72.550000     0.021741990
       72.600000     0.021726983
       72.650000     0.021712309
       72.700000     0.021696969
       72.750000     0.021682295
       72.800000     0.021667288
       72.850000     0.021652614
       72.900000     0.021637274
       72.950000     0.021622600
       73.000000     0.021607926
       73.050000     0.021593253
       73.100000     0.021578579
       73.150000     0.021563572
       73.200000     0.021548565
       73.250000     0.021534225
       73.300000     0.021519551
       73.350000     0.021504544
       73.400000     0.021490204
       73.450000     0.021475530
       73.500000     0.021461190
       73.550000     0.021446183
       73.600000     0.021431843
       73.650000     0.021417169
       73.700000     0.021402829
       73.750000     0.021388155
       73.800000     0.021373815
       73.850000     0.021359475
       73.900000     0.021344468
       73.950000     0.021330128
       74.000000     0.021315788
       74.050000     0.021301448
       74.100000     0.021287108
       74.150000     0.021272767
       74.200000     0.021258427
       74.250000     0.021244087
       74.300000     0.021229747
       74.350000     0.021215407
       74.400000     0.021201400
       74.450000     0.021187060
       74.500000     0.021172720
       74.550000     0.021158380
       74.600000     0.021144706
       74.650000     0.021130366
       74.700000     0.021116026
       74.750000     0.021102353
       74.800000     0.021088013
       74.850000     0.021073673
       74.900000     0.021059666
       74.950000     0.021045993
       75.000000     0.021031653
       75.050000     0.021017646
       75.100000     0.021003640
       75.150000     0.020989966
       75.200000     0.020975626
       75.250000     0.020961953
       75.300000     0.020947946
       75.350000     0.020933940
       75.400000     0.020919933
       75.450000     0.020906593
       75.500000     0.020892587
       75.550000     0.020878580
       75.600000     0.020864907
       75.650000     0.020850900
       75.700000     0.020836894
       75.750000     0.020823554
       75.800000     0.020809881
       75.850000     0.020795874
       75.900000     0.020782201
       75.950000     0.020768528
       76.000000     0.020754855
       76.050000     0.020741515
       76.100000     0.020727842
       76.150000     0.020714169
       76.200000     0.020700496
       76.250000     0.020687156
       76.300000     0.020673483
       76.350000     0.020659810
       76.400000     0.020646470
       76.450000     0.020632797
       76.500000     0.020619457
       76.550000     0.020605784
       76.600000     0.020592111
       76.650000     0.020578771
       76.700000     0.020565765
       76.750000     0.020552092
       76.800000     0.020538752
       76.850000     0.020525412
       76.900000     0.020512406
       76.950000     0.020498400
       77.000000     0.020485394
       77.050000     0.020472054
       77.100000     0.020458714
       77.150000     0.020445708
       77.200000     0.020432035
       77.250000     0.020419029
       77.300000     0.020405689
       77.350000     0.020392683
       77.400000     0.020379343
       77.450000     0.020366337
       77.500000     0.020353331
       77.550000     0.020340324
       77.600000     0.020327318
       77.650000     0.020313979
       77.700000     0.020300639
       77.750000     0.020287633
       77.800000     0.020274627
       77.850000     0.020261621
       77.900000     0.020248615
       77.950000     0.020235608
       78.000000     0.020222602
       78.050000     0.020209596
       78.100000     0.020196923
       78.150000     0.020184250
       78.200000     0.020171244
       78.250000     0.020158238
       78.300000     0.020145232
       78.350000     0.020132559
       78.400000     0.020119553
       78.450000     0.020106547
       78.500000     0.020093541
       78.550000     0.020081535
       78.600000     0.020068529
       78.650000     0.020055856
       78.700000     0.020042850
       78.750000     0.020029844
       78.800000     0.020017838
       78.850000     0.020004832
       78.900000     0.019991826
       78.950000     0.019979487
       79.000000     0.019966814
       79.050000     0.019954141
       79.100000     0.019941469
       79.150000     0.019929129
       79.200000     0.019916457
       79.250000     0.019903784
       79.300000     0.019891445
       79.350000     0.019878772
       79.400000     0.019866100
       79.450000     0.019853760
       79.500000     0.019841088
       79.550000     0.019828748
       79.600000     0.019816409
       79.650000     0.019804070
       79.700000     0.019791397
       79.750000     0.019778725
       79.800000     0.019766719
       79.850000     0.019754380
       79.900000     0.019741707
       79.950000     0.019729368
       80.000000     0.019717362
       80.050000     0.019705023
       80.100000     0.019692684
       80.150000     0.019680678
       80.200000     0.019668005
       80.250000     0.019655666
       80.300000     0.019643327
       80.350000     0.019631321
       80.400000     0.019619315
       80.450000     0.019606643
       80.500000     0.019594637
       80.550000     0.019582631
       80.600000     0.019570626
       80.650000     0.019558620
       80.700000     0.019546281
       80.750000     0.019533942
       80.800000     0.019521936
       80.850000     0.019509930
       80.900000     0.019497925
       80.950000     0.019485919
       81.000000     0.019473913
       81.050000     0.019461907
       81.100000     0.019450235
       81.150000     0.019437563
       81.200000     0.019425557
       81.250000     0.019413885
       81.300000     0.019401879
       81.350000     0.019390207
       81.400000     0.019377868
       81.450000     0.019365862
       81.500000     0.019354190
       81.550000     0.019342184
       81.600000     0.019330512
       81.650000     0.019318506
       81.700000     0.019307167
       81.750000     0.019295495
       81.800000     0.019283489
       81.850000     0.019271817
       81.900000     0.019260145
       81.950000     0.019248139
       82.000000     0.019236134
       82.050000     0.019224462
       82.100000     0.019212456
       82.150000     0.019201450
       82.200000     0.019189778
       82.250000     0.019178106
       82.300000     0.019166434
       82.350000     0.019154428
       82.400000     0.019143089
       82.450000     0.019131417
       82.500000     0.019119745
       82.550000     0.019108073
       82.600000     0.019096734
       82.650000     0.019085062
       82.700000     0.019073390
       82.750000     0.019062051
       82.800000     0.019050712
       82.850000     0.019039040
       82.900000     0.019027368
       82.950000     0.019016029
       83.000000     0.019004357
       83.050000     0.018993018
       83.100000     0.018981679
       83.150000     0.018970341
       83.200000     0.018958669
       83.250000     0.018947663
       83.300000     0.018935991
       83.350000     0.018924986
       83.400000     0.018913314
       83.450000     0.018902308
       83.500000     0.018890636
       83.550000     0.018879298
       83.600000     0.018868292
       83.650000     0.018856620
       83.700000     0.018845615
       83.750000     0.018834276
       83.800000     0.018823271
       83.850000     0.018811599
       83.900000     0.018800927
       83.950000     0.018789255
       84.000000     0.018778583
       84.050000     0.018767244
       84.100000     0.018755906
       84.150000     0.018744900
       84.200000     0.018733562
       84.250000     0.018722556
       84.300000     0.018711218
       84.350000     0.018700546
       84.400000     0.018689207
       84.450000     0.018678202
       84.500000     0.018667197
       84.550000     0.018656525
       84.600000     0.018644853
       84.650000     0.018634181
       84.700000     0.018623176
       84.750000     0.018612171
       84.800000     0.018600832
       84.850000     0.018590160
       84.900000     0.018579155
       84.950000     0.018568150
       85.000000     0.018557478
       85.050000     0.018546473
       85.100000     0.018535468
       85.150000     0.018524796
       85.200000     0.018513791
       85.250000     0.018503119
       85.300000     0.018492447
       85.350000     0.018481109
       85.400000     0.018470437
       85.450000     0.018459765
       85.500000     0.018448760
       85.550000     0.018438088
       85.600000     0.018427416
       85.650000     0.018416411
       85.700000     0.018405406
       85.750000     0.018395068
       85.800000     0.018384396
       85.850000     0.018373724
       85.900000     0.018362719
       85.950000     0.018352381
       86.000000     0.018341709
       86.050000     0.018331037
       86.100000     0.018320365
       86.150000     0.018310027
       86.200000     0.018299022
       86.250000     0.018288350
       86.300000     0.018278012
       86.350000     0.018267340
       86.400000     0.018257002
       86.450000     0.018246330
       86.500000     0.018235658
       86.550000     0.018225320
       86.600000     0.018214315
       86.650000     0.018203977
       86.700000     0.018193305
       86.750000     0.018182967
       86.800000     0.018172629
       86.850000     0.018161957
       86.900000     0.018151619
       86.950000     0.018140947
       87.000000     0.018130609
       87.050000     0.018120604
       87.100000     0.018109932
       87.150000     0.018099594
       87.200000     0.018089256
       87.250000     0.018078584
       87.300000     0.018068246
       87.350000     0.018058241
       87.400000     0.018047903
       87.450000     0.018037231
       87.500000     0.018027226
       87.550000     0.018016888
       87.600000     0.018006883
       87.650000     0.017996545
       87.700000     0.017986207
       87.750000     0.017975535
       87.800000     0.017965530
       87.850000     0.017955192
       87.900000     0.017944854
       87.950000     0.017934849
       88.000000     0.017924844
       88.050000     0.017914506
       88.100000     0.017904168
       88.150000     0.017894163
       88.200000     0.017884158
       88.250000     0.017873820
       88.300000     0.017863815
       88.350000     0.017853811
       88.400000     0.017843473
       88.450000     0.017833801
       88.500000     0.017823463
       88.550000     0.017813458
       88.600000     0.017803453
       88.650000     0.017793115
       88.700000     0.017783444
       88.750000     0.017773106
       88.800000     0.017763434
       88.850000     0.017753096
       88.900000     0.017743425
       88.950000     0.017733420
       89.000000     0.017723082
       89.050000     0.017713411
       89.100000     0.017703406
       89.150000     0.017693401
       89.200000     0.017683730
       89.250000     0.017673725
       89.300000     0.017663387
       89.350000     0.017654049
       89.400000     0.017644044
       89.450000     0.017634373
       89.500000     0.017624368
       89.550000     0.017614364
       89.600000     0.017604692
       89.650000     0.017594688
       89.700000     0.017585016
       89.750000     0.017575345
       89.800000     0.017565340
       89.850000     0.017555669
       89.900000     0.017545998
       89.950000     0.017535993
       90.000000     0.017526655
       90.050000     0.017516651
       90.100000     0.017506979
       90.150000     0.017497308
       90.200000     0.017487637
       90.250000     0.017477632
       90.300000     0.017468294
       90.350000     0.017458623
       90.400000     0.017448952
       90.450000     0.017439280
       90.500000     0.017429276
       90.550000     0.017419938
       90.600000     0.017410600
       90.650000     0.017400929
       90.700000     0.017390924
       90.750000     0.017381253
       90.800000     0.017371915
       90.850000     0.017362577
       90.900000     0.017352573
       90.950000     0.017343235
       91.000000     0.017333897
       91.050000     0.017324226
       91.100000     0.017314888
       91.150000     0.017305217
       91.200000     0.017295879
       91.250000     0.017286208
       91.300000     0.017276870
       91.350000     0.017267532
       91.400000     0.017258194
       91.450000     0.017248523
       91.500000     0.017238852
       91.550000     0.017229514
       91.600000     0.017220510
       91.650000     0.017210839
       91.700000     0.017201501
       91.750000     0.017192163
       91.800000     0.017182825
       91.850000     0.017173487
       91.900000     0.017164150
       91.950000     0.017154812
       92.000000     0.017145474
       92.050000     0.017136136
       92.100000     0.017127132
       92.150000     0.017117794
       92.200000     0.017107790
       92.250000     0.017098786
       92.300000     0.017089448
       92.350000     0.017080110
       92.400000     0.017071106
       92.450000     0.017062101
       92.500000     0.017053097
       92.550000     0.017043759
       92.600000     0.017034421
       92.650000     0.017025417
       92.700000     0.017016079
       92.750000     0.017007075
       92.800000     0.016997404
       92.850000     0.016988400
       92.900000     0.016979062
       92.950000     0.016970058
       93.000000     0.016960720
       93.050000     0.016951716
       93.100000     0.016942712
       93.150000     0.016933707
       93.200000     0.016924703
       93.250000     0.016915365
       93.300000     0.016906361
       93.350000     0.016897690
       93.400000     0.016888352
       93.450000     0.016879681
       93.500000     0.016870677
       93.550000     0.016861339
       93.600000     0.016852335
       93.650000     0.016843331
       93.700000     0.016834327
       93.750000     0.016825322
       93.800000     0.016816318
       93.850000     0.016807314
       93.900000     0.016798310
       93.950000     0.016789972
       94.000000     0.016780634
       94.050000     0.016771630
       94.100000     0.016762626
       94.150000     0.016753955
       94.200000     0.016744951
       94.250000     0.016736280
       94.300000     0.016727276
       94.350000     0.016718605
       94.400000     0.016709601
       94.450000     0.016700263
       94.500000     0.016691925
       94.550000     0.016682921
       94.600000     0.016673917
       94.650000     0.016665246
       94.700000     0.016656242
       94.750000     0.016647905
       94.800000     0.016639234
       94.850000     0.016630230
       94.900000     0.016621559
       94.950000     0.016612888
       95.000000     0.016603884
       95.050000     0.016595213
       95.100000     0.016586542
       95.150000     0.016577871
       95.200000     0.016568867
       95.250000     0.016560530
       95.300000     0.016551859
       95.350000     0.016542855
       95.400000     0.016534517
       95.450000     0.016525847
       95.500000     0.016517176
       95.550000     0.016508505
       95.600000     0.016499834
       95.650000     0.016491164
       95.700000     0.016482826
       95.750000     0.016473822
       95.800000     0.016465818
       95.850000     0.016456814
       95.900000     0.016448143
       95.950000     0.016439806
       96.000000     0.016431135
       96.050000     0.016422464
       96.100000     0.016414127
       96.150000     0.016405123
       96.200000     0.016397119
       96.250000     0.016388115
       96.300000     0.016379777
       96.350000     0.016371107
       96.400000     0.016362769
       96.450000     0.016354432
       96.500000     0.016345761
       96.550000     0.016337424
       96.600000     0.016328753
       96.650000     0.016320416
       96.700000     0.016312412
       96.750000     0.016303408
       96.800000     0.016295404
       96.850000     0.016286733
       96.900000     0.016278396
       96.950000     0.016270059
       97.000000     0.016261721
       97.050000     0.016253384
       97.100000     0.016244713
       97.150000     0.016236709
       97.200000     0.016228039
       97.250000     0.016220035
       97.300000     0.016211364
       97.350000     0.016203027
       97.400000     0.016195023
       97.450000     0.016186352
       97.500000     0.016178015
       97.550000     0.016170011
       97.600000     0.016161674
       97.650000     0.016153670
       97.700000     0.016144666
       97.750000     0.016136662
       97.800000     0.016128658
       97.850000     0.016120321
       97.900000     0.016112317
       97.950000     0.016103980
       98.000000     0.016095976
       98.050000     0.016087305
       98.100000     0.016079301
       98.150000     0.016071297
       98.200000     0.016062627
       98.250000     0.016054623
       98.300000     0.016046619
       98.350000     0.016038615
       98.400000     0.016030278
       98.450000     0.016021941
       98.500000     0.016013937
       98.550000     0.016005933
       98.600000     0.015997596
       98.650000     0.015989592
       98.700000     0.015981588
       98.750000     0.015973584
       98.800000     0.015965247
       98.850000     0.015956910
       98.900000     0.015949240
       98.950000     0.015941236
       99.000000     0.015933232
       99.050000     0.015924895
       99.100000     0.015916891
       99.150000     0.015908887
       99.200000     0.015900883
       99.250000     0.015893213
       99.300000     0.015885209
       99.350000     0.015876872
       99.400000     0.015868868
       99.450000     0.015861198
       99.500000     0.015853194
       99.550000     0.015845190
       99.600000     0.015837186
       99.650000     0.015829516
       99.700000     0.015821512
       99.750000     0.015813508
       99.800000     0.015805505
       99.850000     0.015797501
       99.900000     0.015789497
       99.950000     0.015781827
       100.00000     0.015773823
       109.65000     0.014386164
       120.23000     0.013119796
       131.83000     0.011965481
       144.54000     0.010912715
       158.49000    0.0099527592
       173.78000    0.0090767428
       190.55000    0.0082782306
       208.93000    0.0075498181
       229.09000    0.0068856363
       251.19000    0.0062796484
       275.42000    0.0057271193
       302.00000    0.0052231801
       331.13000    0.0047635952
       363.08000    0.0043444628
       398.11000    0.0039621813
       436.52000    0.0036135491
       478.63000    0.0032956315
       524.81000    0.0030056271
       575.44000    0.0027411682
       630.96000    0.0024999870
       691.83000    0.0022800159
       758.58000    0.0020793873
       831.76000    0.0018964338
       912.01000    0.0017295546
       1000.0000    0.0015773823
