        1060     1.5    3.2
     0.200000    0.0519812
     0.223361    0.0502584
     0.249451    0.0467274
     0.278589    0.0425755
     0.311129    0.0355432
     0.347471    0.0260764
     0.388058    0.0199534
     0.433385    0.0160409
     0.484008    0.0118356
     0.540542    0.0101885
     0.603681    0.0107940
     0.674195   0.00939114
     0.752945   0.00772908
     0.840893   0.00647094
     0.939115   0.00495215
      1.04881   0.00440403
      1.17132   0.00426915
      1.30813   0.00413651
      1.46093   0.00429284
      1.63158   0.00458116
      1.82215   0.00525706
      2.03499   0.00623976
      2.27269   0.00736724
      2.53816   0.00881348
      2.83463    0.0110055
      3.16573    0.0136435
      3.53551    0.0174200
      3.94847    0.0228561
      4.40968    0.0297437
      4.92476    0.0416837
      5.50000    0.0597709
      5.51093    0.0601640
      5.52189    0.0605649
      5.53287    0.0609744
      5.54387    0.0613862
      5.55489    0.0617932
      5.56593    0.0621838
      5.57700    0.0625710
      5.58809    0.0629640
      5.59920    0.0633755
      5.61033    0.0638016
      5.62148    0.0642337
      5.63266    0.0646636
      5.64386    0.0650871
      5.65508    0.0655112
      5.66632    0.0659390
      5.67759    0.0663734
      5.68887    0.0668131
      5.70018    0.0672574
      5.71151    0.0677053
      5.72287    0.0681568
      5.73425    0.0686125
      5.74565    0.0690721
      5.75707    0.0695350
      5.76852    0.0700017
      5.77998    0.0704718
      5.79148    0.0709436
      5.80299    0.0714168
      5.81453    0.0718951
      5.82609    0.0723808
      5.83767    0.0728771
      5.84928    0.0733813
      5.86090    0.0738902
      5.87256    0.0743985
      5.88423    0.0749050
      5.89593    0.0754170
      5.90765    0.0759390
      5.91940    0.0764796
      5.93116    0.0770318
      5.94296    0.0775874
      5.95477    0.0781359
      5.96661    0.0786708
      5.97847    0.0792065
      5.99036    0.0797519
      6.00227    0.0803190
      6.01420    0.0809038
      6.02616    0.0814995
      6.03814    0.0821007
      6.05014    0.0827012
      6.06217    0.0833061
      6.07422    0.0839152
      6.08630    0.0845269
      6.09840    0.0851399
      6.11052    0.0857592
      6.12267    0.0863883
      6.13484    0.0870325
      6.14704    0.0876899
      6.15926    0.0883555
      6.17151    0.0890250
      6.18378    0.0896882
      6.19607    0.0903552
      6.20839    0.0910310
      6.22073    0.0917209
      6.23310    0.0924262
      6.24549    0.0931457
      6.25791    0.0938788
      6.27035    0.0946244
      6.28281    0.0953833
      6.29530    0.0961525
      6.30782    0.0969278
      6.32036    0.0977004
      6.33293    0.0984740
      6.34552    0.0992554
      6.35813     0.100050
      6.37077     0.100862
      6.38344     0.101690
      6.39613     0.102530
      6.40884     0.103381
      6.42159     0.104233
      6.43435     0.105095
      6.44715     0.105970
      6.45996     0.106859
      6.47281     0.107764
      6.48567     0.108685
      6.49857     0.109619
      6.51149     0.110566
      6.52443     0.111522
      6.53741     0.112492
      6.55040     0.113477
      6.56343     0.114477
      6.57647     0.115490
      6.58955     0.116519
      6.60265     0.117565
      6.61578     0.118627
      6.62893     0.119702
      6.64211     0.120795
      6.65531     0.121906
      6.66854     0.123035
      6.68180     0.124180
      6.69509     0.125343
      6.70840     0.126523
      6.72173     0.127718
      6.73510     0.128922
      6.74849     0.130143
      6.76190     0.131387
      6.77535     0.132654
      6.78882     0.133948
      6.80231     0.135267
      6.81584     0.136610
      6.82939     0.137974
      6.84296     0.139350
      6.85657     0.140747
      6.87020     0.142167
      6.88386     0.143610
      6.89754     0.145069
      6.91126     0.146552
      6.92500     0.148061
      6.93877     0.149601
      6.95256     0.151170
      6.96638     0.152771
      6.98023     0.154402
      6.99411     0.156060
      7.00801     0.157735
      7.02195     0.159426
      7.03591     0.161147
      7.04989     0.162899
      7.06391     0.164688
      7.07795     0.166514
      7.09203     0.168377
      7.10613     0.170277
      7.12025     0.172213
      7.13441     0.174171
      7.14859     0.176165
      7.16281     0.178197
      7.17705     0.180267
      7.19131     0.182372
      7.20561     0.184514
      7.21994     0.186698
      7.23429     0.188925
      7.24867     0.191192
      7.26308     0.193493
      7.27752     0.195840
      7.29199     0.198234
      7.30649     0.200678
      7.32101     0.203160
      7.33557     0.205693
      7.35015     0.208278
      7.36477     0.210918
      7.37941     0.213607
      7.39408     0.216343
      7.40878     0.219138
      7.42351     0.221992
      7.43827     0.224909
      7.45305     0.227876
      7.46787     0.230906
      7.48272     0.234000
      7.49760     0.237160
      7.51250     0.240376
      7.52744     0.243646
      7.54240     0.246984
      7.55740     0.250395
      7.57242     0.253881
      7.58748     0.257427
      7.60256     0.261049
      7.61768     0.264754
      7.63282     0.268543
      7.64800     0.272416
      7.66320     0.276364
      7.67844     0.280405
      7.69370     0.284537
      7.70900     0.288763
      7.72432     0.293063
      7.73968     0.297448
      7.75507     0.301932
      7.77048     0.306521
      7.78593     0.311218
      7.80141     0.316001
      7.81692     0.320897
      7.83246     0.325910
      7.84803     0.331042
      7.86364     0.336291
      7.87927     0.341639
      7.89494     0.347115
      7.91063     0.352722
      7.92636     0.358463
      7.94212     0.364325
      7.95791     0.370306
      7.97373     0.376431
      7.98958     0.382703
      8.00546     0.389128
      8.02138     0.395684
      8.03733     0.402385
      8.05331     0.409248
      8.06932     0.416277
      8.08536     0.423475
      8.10143     0.430811
      8.11754     0.438313
      8.13368     0.445995
      8.14985     0.453862
      8.16605     0.461921
      8.18229     0.470135
      8.19855     0.478542
      8.21485     0.487150
      8.23118     0.495963
      8.24755     0.504983
      8.26395     0.514172
      8.28037     0.523572
      8.29684     0.533189
      8.31333     0.543027
      8.32986     0.553087
      8.34642     0.563333
      8.36301     0.573805
      8.37964     0.584507
      8.39630     0.595439
      8.41299     0.606602
      8.42972     0.617968
      8.44648     0.629566
      8.46327     0.641398
      8.48009     0.653459
      8.49695     0.665745
      8.51385     0.678149
      8.53077     0.690725
      8.54773     0.703566
      8.56473     0.716730
      8.58175     0.730282
      8.59882     0.744500
      8.61591     0.759318
      8.63304     0.774209
      8.65020     0.788747
      8.66740     0.802352
      8.68463     0.815319
      8.70190     0.827798
      8.71920     0.839949
      8.73653     0.851941
      8.75390     0.863950
      8.77131     0.876277
      8.78874     0.888850
      8.80622     0.901503
      8.82372     0.914331
      8.84127     0.927437
      8.85884     0.940924
      8.87646     0.954902
      8.89410     0.969723
      8.91179     0.985211
      8.92950      1.00118
      8.94726      1.01751
      8.96504      1.03407
      8.98287      1.05073
      9.00073      1.06736
      9.01862      1.08437
      9.03655      1.10145
      9.05452      1.11843
      9.07252      1.13512
      9.09055      1.15132
      9.10863      1.16684
      9.12673      1.18151
      9.14488      1.19556
      9.16306      1.20876
      9.18128      1.22113
      9.19953      1.23269
      9.21782      1.24348
      9.23615      1.25354
      9.25451      1.26310
      9.27291      1.27264
      9.29134      1.28142
      9.30982      1.28948
      9.32832      1.29686
      9.34687      1.30360
      9.36545      1.30973
      9.38407      1.31547
      9.40273      1.32140
      9.42142      1.32674
      9.44015      1.33147
      9.45892      1.33556
      9.47773      1.33901
      9.49657      1.34179
      9.51545      1.34394
      9.53436      1.34634
      9.55332      1.34808
      9.57231      1.34912
      9.59134      1.34939
      9.61041      1.34886
      9.62952      1.34745
      9.64866      1.34512
      9.66784      1.34252
      9.68707      1.33915
      9.70632      1.33489
      9.72562      1.32976
      9.74496      1.32380
      9.76433      1.31705
      9.78374      1.30952
      9.80319      1.30168
      9.82268      1.29353
      9.84221      1.28462
      9.86178      1.27501
      9.88139      1.26473
      9.90103      1.25384
      9.92072      1.24238
      9.94044      1.23041
      9.96020      1.21828
      9.98000      1.20556
      9.99984      1.19240
      10.0197      1.17890
      10.0396      1.16520
      10.0596      1.15141
      10.0796      1.13765
      10.0996      1.12418
      10.1197      1.11094
      10.1398      1.09774
      10.1600      1.08460
      10.1802      1.07156
      10.2004      1.05867
      10.2207      1.04594
      10.2410      1.03341
      10.2614      1.02109
      10.2818      1.00897
      10.3022     0.997024
      10.3227     0.985269
      10.3432     0.973700
      10.3638     0.962314
      10.3844     0.951112
      10.4051     0.940092
      10.4257     0.929477
      10.4465     0.919084
      10.4672     0.908832
      10.4881     0.898651
      10.5089     0.888469
      10.5298     0.878220
      10.5507     0.867840
      10.5717     0.857251
      10.5927     0.846192
      10.6138     0.834971
      10.6349     0.823661
      10.6560     0.812337
      10.6772     0.801067
      10.6984     0.789920
      10.7197     0.778958
      10.7410     0.768242
      10.7624     0.757783
      10.7838     0.747505
      10.8052     0.737436
      10.8267     0.727600
      10.8482     0.718019
      10.8698     0.708715
      10.8914     0.699710
      10.9130     0.691022
      10.9347     0.682637
      10.9565     0.674560
      10.9783     0.666762
      11.0001     0.659211
      11.0220     0.651873
      11.0439     0.644717
      11.0658     0.637714
      11.0878     0.630833
      11.1099     0.624056
      11.1320     0.617432
      11.1541     0.610934
      11.1763     0.604523
      11.1985     0.598158
      11.2207     0.591800
      11.2430     0.585411
      11.2654     0.578957
      11.2878     0.572406
      11.3102     0.565829
      11.3327     0.559191
      11.3553     0.552489
      11.3778     0.545717
      11.4004     0.538870
      11.4231     0.531945
      11.4458     0.524938
      11.4686     0.517846
      11.4914     0.510763
      11.5142     0.503711
      11.5371     0.496589
      11.5601     0.489402
      11.5830     0.482155
      11.6061     0.474854
      11.6291     0.467503
      11.6523     0.460108
      11.6754     0.452673
      11.6986     0.445093
      11.7219     0.437395
      11.7452     0.429677
      11.7685     0.422006
      11.7920     0.414444
      11.8154     0.407049
      11.8389     0.399875
      11.8624     0.392972
      11.8860     0.386387
      11.9096     0.379964
      11.9333     0.373743
      11.9570     0.367784
      11.9808     0.362116
      12.0046     0.356767
      12.0285     0.351762
      12.0524     0.347127
      12.0764     0.342884
      12.1004     0.339056
      12.1244     0.335621
      12.1485     0.332592
      12.1727     0.329929
      12.1969     0.327579
      12.2211     0.325490
      12.2454     0.323613
      12.2698     0.321899
      12.2942     0.320302
      12.3186     0.318776
      12.3431     0.317199
      12.3677     0.315652
      12.3922     0.314202
      12.4169     0.312814
      12.4416     0.311457
      12.4663     0.310099
      12.4911     0.308708
      12.5159     0.307252
      12.5408     0.305702
      12.5657     0.303982
      12.5907     0.301814
      12.6157     0.299521
      12.6408     0.297157
      12.6659     0.294775
      12.6911     0.292424
      12.7164     0.290155
      12.7416     0.288014
      12.7670     0.286048
      12.7924     0.284302
      12.8178     0.282918
      12.8433     0.281849
      12.8688     0.280979
      12.8944     0.280276
      12.9200     0.279711
      12.9457     0.279253
      12.9714     0.278873
      12.9972     0.278543
      13.0231     0.278234
      13.0490     0.277917
      13.0749     0.277375
      13.1009     0.276781
      13.1270     0.276200
      13.1531     0.275638
      13.1792     0.275105
      13.2054     0.274608
      13.2317     0.274156
      13.2580     0.273756
      13.2843     0.273417
      13.3107     0.273147
      13.3372     0.272939
      13.3637     0.272797
      13.3903     0.272716
      13.4169     0.272694
      13.4436     0.272724
      13.4703     0.272802
      13.4971     0.272923
      13.5239     0.273083
      13.5508     0.273276
      13.5777     0.273499
      13.6047     0.273743
      13.6318     0.274029
      13.6589     0.274351
      13.6860     0.274699
      13.7133     0.275064
      13.7405     0.275434
      13.7678     0.275799
      13.7952     0.276149
      13.8226     0.276473
      13.8501     0.276760
      13.8776     0.276993
      13.9052     0.277166
      13.9329     0.277306
      13.9606     0.277412
      13.9883     0.277487
      14.0161     0.277533
      14.0440     0.277550
      14.0719     0.277542
      14.0999     0.277508
      14.1279     0.277452
      14.1560     0.277374
      14.1842     0.277278
      14.2124     0.277155
      14.2406     0.277006
      14.2689     0.276837
      14.2973     0.276656
      14.3257     0.276467
      14.3542     0.276277
      14.3827     0.276092
      14.4113     0.275917
      14.4400     0.275759
      14.4687     0.275623
      14.4975     0.275448
      14.5263     0.275270
      14.5552     0.275106
      14.5841     0.274964
      14.6131     0.274854
      14.6421     0.274787
      14.6713     0.274771
      14.7004     0.274818
      14.7296     0.274936
      14.7589     0.275135
      14.7883     0.275426
      14.8177     0.275729
      14.8471     0.276097
      14.8766     0.276545
      14.9062     0.277078
      14.9359     0.277697
      14.9656     0.278407
      14.9953     0.279211
      15.0251     0.280113
      15.0550     0.281116
      15.0849     0.282224
      15.1149     0.283442
      15.1450     0.284694
      15.1751     0.285997
      15.2052     0.287412
      15.2355     0.288938
      15.2658     0.290573
      15.2961     0.292315
      15.3265     0.294164
      15.3570     0.296117
      15.3875     0.298174
      15.4181     0.300333
      15.4488     0.302592
      15.4795     0.304951
      15.5103     0.307224
      15.5411     0.309603
      15.5720     0.312090
      15.6030     0.314684
      15.6340     0.317389
      15.6650     0.320204
      15.6962     0.323131
      15.7274     0.326173
      15.7587     0.329329
      15.7900     0.332603
      15.8214     0.335996
      15.8528     0.339512
      15.8844     0.343192
      15.9159     0.347028
      15.9476     0.351002
      15.9793     0.355097
      16.0110     0.359293
      16.0429     0.363573
      16.0748     0.367914
      16.1067     0.372296
      16.1388     0.376696
      16.1708     0.381090
      16.2030     0.385455
      16.2352     0.389756
      16.2675     0.393903
      16.2998     0.398017
      16.3322     0.402101
      16.3647     0.406153
      16.3972     0.410176
      16.4298     0.414170
      16.4625     0.418136
      16.4952     0.422075
      16.5280     0.425989
      16.5609     0.429878
      16.5938     0.433745
      16.6268     0.437591
      16.6598     0.441483
      16.6930     0.445381
      16.7262     0.449249
      16.7594     0.453090
      16.7927     0.456907
      16.8261     0.460704
      16.8596     0.464483
      16.8931     0.468249
      16.9267     0.472005
      16.9603     0.475756
      16.9940     0.479504
      17.0278     0.483256
      17.0617     0.487014
      17.0956     0.490986
      17.1296     0.494992
      17.1636     0.499007
      17.1978     0.503022
      17.2320     0.507027
      17.2662     0.511012
      17.3005     0.514966
      17.3349     0.518880
      17.3694     0.522742
      17.4039     0.526541
      17.4385     0.530266
      17.4732     0.533906
      17.5079     0.537447
      17.5427     0.540933
      17.5776     0.544329
      17.6126     0.547630
      17.6476     0.550841
      17.6827     0.553967
      17.7178     0.557012
      17.7530     0.559980
      17.7883     0.562876
      17.8237     0.565706
      17.8591     0.568474
      17.8946     0.571185
      17.9302     0.573845
      17.9659     0.576460
      18.0016     0.579126
      18.0374     0.581845
      18.0732     0.584509
      18.1092     0.587118
      18.1452     0.589673
      18.1812     0.592176
      18.2174     0.594627
      18.2536     0.597028
      18.2899     0.599381
      18.3263     0.601686
      18.3627     0.603944
      18.3992     0.606158
      18.4358     0.608328
      18.4724     0.610456
      18.5092     0.612586
      18.5460     0.614680
      18.5828     0.616721
      18.6198     0.618715
      18.6568     0.620667
      18.6939     0.622582
      18.7311     0.624467
      18.7683     0.626328
      18.8056     0.628169
      18.8430     0.629996
      18.8804     0.631817
      18.9180     0.633636
      18.9556     0.635460
      18.9933     0.637295
      19.0310     0.639246
      19.0689     0.641303
      19.1068     0.643373
      19.1448     0.645451
      19.1828     0.647529
      19.2210     0.649600
      19.2592     0.651656
      19.2975     0.653689
      19.3358     0.655693
      19.3743     0.657659
      19.4128     0.659579
      19.4514     0.661446
      19.4901     0.663251
      19.5288     0.664986
      19.5676     0.666643
      19.6065     0.668283
      19.6455     0.669859
      19.6846     0.671370
      19.7237     0.672813
      19.7629     0.674188
      19.8022     0.675493
      19.8416     0.676728
      19.8810     0.677891
      19.9206     0.678982
      19.9602     0.679999
      19.9998     0.680942
      20.0396     0.681809
      20.0795     0.682601
      20.1194     0.683316
      20.1594     0.683953
      20.1994     0.684822
      20.2396     0.685644
      20.2798     0.686397
      20.3202     0.687075
      20.3606     0.687668
      20.4010     0.688167
      20.4416     0.688563
      20.4822     0.688847
      20.5229     0.689011
      20.5638     0.689046
      20.6046     0.688942
      20.6456     0.688693
      20.6866     0.688288
      20.7278     0.687720
      20.7690     0.686981
      20.8103     0.686269
      20.8517     0.685612
      20.8931     0.684812
      20.9346     0.683860
      20.9763     0.682750
      21.0180     0.681473
      21.0597     0.680022
      21.1016     0.678390
      21.1436     0.676570
      21.1856     0.674555
      21.2277     0.672339
      21.2699     0.669916
      21.3122     0.667281
      21.3546     0.664427
      21.3970     0.661351
      21.4396     0.658047
      21.4822     0.654574
      21.5249     0.650898
      21.5677     0.646988
      21.6106     0.642865
      21.6535     0.638553
      21.6966     0.634074
      21.7397     0.629451
      21.7829     0.624704
      21.8263     0.619857
      21.8696     0.614930
      21.9131     0.609943
      21.9567     0.604916
      22.0003     0.599868
      22.0441     0.594820
      22.0879     0.589787
      22.1318     0.584790
      22.1758     0.579873
      22.2199     0.575306
      22.2641     0.570744
      22.3083     0.566188
      22.3527     0.561641
      22.3971     0.557104
      22.4417     0.552580
      22.4863     0.548070
      22.5310     0.543577
      22.5758     0.539101
      22.6207     0.534646
      22.6656     0.530212
      22.7107     0.525801
      22.7558     0.521414
      22.8011     0.517053
      22.8464     0.512719
      22.8918     0.508413
      22.9373     0.504131
      22.9830     0.499759
      23.0286     0.495396
      23.0744     0.491050
      23.1203     0.486729
      23.1663     0.482441
      23.2123     0.478193
      23.2585     0.473991
      23.3047     0.469842
      23.3510     0.465754
      23.3975     0.461732
      23.4440     0.457782
      23.4906     0.453910
      23.5373     0.450123
      23.5841     0.446424
      23.6310     0.442819
      23.6780     0.439314
      23.7250     0.435914
      23.7722     0.432640
      23.8195     0.429493
      23.8668     0.426440
      23.9143     0.423477
      23.9618     0.420598
      24.0094     0.417796
      24.0572     0.415067
      24.1050     0.412405
      24.1529     0.409806
      24.2010     0.407264
      24.2491     0.404774
      24.2973     0.402332
      24.3456     0.399933
      24.3940     0.397573
      24.4425     0.395246
      24.4911     0.392949
      24.5398     0.390678
      24.5885     0.388427
      24.6374     0.386178
      24.6864     0.383867
      24.7355     0.381589
      24.7847     0.379340
      24.8339     0.377119
      24.8833     0.374925
      24.9328     0.372757
      24.9823     0.370611
      25.0320     0.368488
      25.0818     0.366385
      25.1317     0.364301
      25.1816     0.362235
      25.2317     0.360186
      25.2818     0.358151
      25.3321     0.356130
      25.3825     0.354121
      25.4329     0.352124
      25.4835     0.350136
      25.5341     0.348158
      25.5849     0.346168
      25.6358     0.344106
      25.6868     0.342050
      25.7378     0.340001
      25.7890     0.337962
      25.8403     0.335936
      25.8916     0.333925
      25.9431     0.331932
      25.9947     0.329959
      26.0464     0.328007
      26.0981     0.326081
      26.1500     0.324180
      26.2020     0.322308
      26.2541     0.320467
      26.3063     0.318659
      26.3586     0.316885
      26.4110     0.315148
      26.4635     0.313449
      26.5161     0.311791
      26.5688     0.310175
      26.6217     0.308622
      26.6746     0.307132
      26.7276     0.305683
      26.7808     0.304271
      26.8340     0.302895
      26.8874     0.301551
      26.9408     0.300237
      26.9944     0.298948
      27.0480     0.297684
      27.1018     0.296441
      27.1557     0.295217
      27.2097     0.294008
      27.2638     0.292813
      27.3180     0.291629
      27.3723     0.290453
      27.4267     0.289283
      27.4812     0.288117
      27.5359     0.286952
      27.5906     0.285787
      27.6455     0.284618
      27.7004     0.283442
      27.7555     0.282225
      27.8107     0.281012
      27.8660     0.279802
      27.9214     0.278594
      27.9769     0.277388
      28.0325     0.276184
      28.0882     0.274982
      28.1441     0.273780
      28.2000     0.272578
      28.2561     0.271377
      28.3123     0.270175
      28.3685     0.268972
      28.4249     0.267768
      28.4815     0.266563
      28.5381     0.265355
      28.5948     0.264145
      28.6517     0.262933
      28.7086     0.261717
      28.7657     0.260499
      28.8229     0.259276
      28.8802     0.258050
      28.9376     0.256808
      28.9951     0.255555
      29.0528     0.254296
      29.1105     0.253034
      29.1684     0.251769
      29.2264     0.250502
      29.2845     0.249234
      29.3427     0.247967
      29.4011     0.246701
      29.4595     0.245437
      29.5181     0.244177
      29.5768     0.242922
      29.6356     0.241672
      29.6945     0.240428
      29.7535     0.239192
      29.8127     0.237963
      29.8720     0.236744
      29.9314     0.235535
      29.9909     0.234337
      30.0505     0.233150
      30.1102     0.231976
      30.1701     0.230815
      30.2301     0.229685
      30.2902     0.228605
      30.3504     0.227539
      30.4107     0.226485
      30.4712     0.225442
      30.5318     0.224409
      30.5925     0.223384
      30.6533     0.222368
      30.7142     0.221357
      30.7753     0.220353
      30.8365     0.219352
      30.8978     0.218355
      30.9592     0.217360
      31.0208     0.216366
      31.0824     0.215372
      31.1442     0.214377
      31.2061     0.213381
      31.2682     0.212381
      31.3303     0.211378
      31.3926     0.210370
      31.4550     0.209357
      31.5176     0.208338
      31.5802     0.207311
      31.6430     0.206276
      31.7059     0.205203
      31.7690     0.204122
      31.8321     0.203035
      31.8954     0.201943
      31.9588     0.200846
      32.0224     0.199747
      32.0860     0.198645
      32.1498     0.197541
      32.2137     0.196437
      32.2778     0.195334
      32.3419     0.194231
      32.4062     0.193131
      32.4707     0.192033
      32.5352     0.190939
      32.5999     0.189849
      32.6647     0.188765
      32.7297     0.187686
      32.7947     0.186614
      32.8599     0.185549
      32.9253     0.184492
      32.9907     0.183443
      33.0563     0.182404
      33.1220     0.181374
      33.1879     0.180355
      33.2538     0.179359
      33.3200     0.178383
      33.3862     0.177414
      33.4526     0.176454
      33.5191     0.175501
      33.5857     0.174555
      33.6525     0.173616
      33.7194     0.172685
      33.7864     0.171761
      33.8536     0.170843
      33.9209     0.169932
      33.9883     0.169028
      34.0559     0.168130
      34.1236     0.167239
      34.1915     0.166354
      34.2594     0.165475
      34.3276     0.164602
      34.3958     0.163734
      34.4642     0.162873
      34.5327     0.162017
      34.6014     0.161167
      34.6702     0.160322
      34.7391     0.159482
      34.8081     0.158648
      34.8773     0.157819
      34.9467     0.156995
      35.0162     0.156158
      35.0858     0.155319
      35.1555     0.154485
      35.2254     0.153655
      35.2954     0.152830
      35.3656     0.152010
      35.4359     0.151195
      35.5064     0.150386
      35.5770     0.149583
      35.6477     0.148787
      35.7186     0.147996
      35.7896     0.147213
      35.8607     0.146436
      35.9320     0.145667
      36.0035     0.144906
      36.0751     0.144152
      36.1468     0.143406
      36.2186     0.142669
      36.2906     0.141939
      36.3628     0.141219
      36.4351     0.140507
      36.5075     0.139804
      36.5801     0.139111
      36.6528     0.138427
      36.7257     0.137753
      36.7987     0.137088
      36.8719     0.136434
      36.9452     0.135797
      37.0186     0.135175
      37.0922     0.134564
      37.1660     0.133961
      37.2398     0.133369
      37.3139     0.132784
      37.3881     0.132208
      37.4624     0.131639
      37.5369     0.131077
      37.6115     0.130522
      37.6863     0.129974
      37.7612     0.129430
      37.8363     0.128892
      37.9115     0.128359
      37.9869     0.127831
      38.0624     0.127306
      38.1381     0.126784
      38.2139     0.126266
      38.2898     0.125750
      38.3660     0.125237
      38.4422     0.124725
      38.5187     0.124215
      38.5953     0.123706
      38.6720     0.123198
      38.7489     0.122690
      38.8259     0.122182
      38.9031     0.121674
      38.9804     0.121164
      39.0579     0.120654
      39.1356     0.120124
      39.2134     0.119593
      39.2914     0.119063
      39.3695     0.118533
      39.4477     0.118005
      39.5262     0.117476
      39.6047     0.116949
      39.6835     0.116422
      39.7624     0.115897
      39.8414     0.115373
      39.9206     0.114850
      40.0000     0.114329
      48.0830    0.0785565
      57.7993    0.0513201
      69.4791    0.0353207
      83.5190    0.0242581
      100.396    0.0167119
      120.684    0.0115142
      145.071   0.00795404
      174.386   0.00550739
      209.624   0.00381705
      251.984   0.00267532
      302.904   0.00188833
      364.113   0.00132809
      437.691  0.000930423
      526.137  0.000649967
      632.456  0.000452762
      760.259  0.000314516
      913.887  0.000217911
      1098.56  0.000150611
      1320.55  0.000103862
      1587.40  7.14762e-05
      1908.17  4.90962e-05
      2293.77  3.36667e-05
      2757.28  2.30515e-05
      3314.45  1.57625e-05
      3984.22  1.07661e-05
      4789.33  7.34662e-06
      5757.13  5.00942e-06
      6920.50  3.41383e-06
      8318.95  2.32559e-06
      10000.0  1.58397e-06
