671	6.0 	3.71

     0.050000000       1.0024000
     0.056101000       1.0022000
     0.062946000       1.0001000
     0.070627000      0.99700000
     0.079245000      0.99309000
     0.088914000      0.98832000
     0.099763000      0.98252000
      0.11194000      0.97549000
      0.12559000      0.96694000
      0.14092000      0.95650000
      0.15811000      0.94365000
      0.17741000      0.92767000
      0.19905000      0.90764000
      0.22334000      0.90417000
      0.25059000      0.90280000
      0.28117000      0.90387000
      0.31548000      0.90622000
      0.35397000      0.91023000
      0.39716000      0.91627000
      0.44563000      0.92372000
      0.50000000      0.93172000
      0.56101000      0.94026000
      0.62946000      0.94906000
      0.70627000      0.95841000
      0.79245000      0.96805000
      0.88914000      0.97788000
      0.99763000      0.98771000
       1.1194000      0.99708000
       1.2559000       1.0066000
       1.4092000       1.0166000
       1.5811000       1.0233000
       1.7741000       1.0133000
       1.9905000      0.95986000
       2.2334000      0.82065000
       2.5059000      0.68135000
       2.8117000      0.58061000
       3.1548000      0.52017000
       3.5397000      0.46428000
       3.9716000      0.39583000
       4.4563000      0.40603000
       5.0000000      0.36722000
       5.0500000      0.31194000
       5.1000000      0.31220000
       5.1500000      0.35596000
       5.2000000      0.46089000
       5.2500000      0.37870000
       5.3000000      0.33102000
       5.3500000      0.34187000
       5.4000000      0.36867000
       5.4500000      0.35761000
       5.5000000      0.32690000
       5.5500000      0.32048000
       5.6000000      0.35212000
       5.6500000      0.42527000
       5.7000000      0.41487000
       5.7500000      0.34034000
       5.8000000      0.31308000
       5.8500000      0.31250000
       5.9000000      0.32059000
       5.9500000      0.32397000
       6.0000000      0.31858000
       6.0500000      0.31455000
       6.1000000      0.32442000
       6.1500000      0.35394000
       6.2000000      0.38661000
       6.2500000      0.37245000
       6.3000000      0.32548000
       6.3500000      0.29189000
       6.4000000      0.27605000
       6.4500000      0.27107000
       6.5000000      0.27177000
       6.5500000      0.27732000
       6.6000000      0.28422000
       6.6500000      0.29303000
       6.7000000      0.30557000
       6.7500000      0.32240000
       6.8000000      0.33871000
       6.8500000      0.34309000
       6.9000000      0.32914000
       6.9500000      0.30566000
       7.0000000      0.28417000
       7.0500000      0.26995000
       7.1000000      0.26260000
       7.1500000      0.26064000
       7.2000000      0.26281000
       7.2500000      0.26822000
       7.3000000      0.27624000
       7.3500000      0.28621000
       7.4000000      0.29713000
       7.4500000      0.30740000
       7.5000000      0.31481000
       7.5500000      0.32649000
       7.6000000      0.33001000
       7.6500000      0.32808000
       7.7000000      0.32451000
       7.7500000      0.32204000
       7.8000000      0.32194000
       7.8500000      0.32458000
       7.9000000      0.32976000
       7.9500000      0.33704000
       8.0000000      0.34575000
       8.0500000      0.38895000
       8.1000000      0.42876000
       8.1500000      0.46392000
       8.2000000      0.49393000
       8.2500000      0.59931000
       8.3000000      0.68325000
       8.3500000      0.75092000
       8.4000000      0.80616000
       8.4500000      0.88218000
       8.5000000      0.94065000
       8.5500000      0.98583000
       8.6000000       1.0208000
       8.6500000       1.0610000
       8.7000000       1.0915000
       8.7500000       1.1147000
       8.8000000       1.1326000
       8.8500000       1.1596000
       8.9000000       1.1797000
       8.9500000       1.1950000
       9.0000000       1.2068000
       9.0500000       1.2231000
       9.1000000       1.2362000
       9.1500000       1.2469000
       9.2000000       1.2557000
       9.2500000       1.2678000
       9.3000000       1.2781000
       9.3500000       1.2870000
       9.4000000       1.2947000
       9.4500000       1.3041000
       9.5000000       1.3124000
       9.5500000       1.3196000
       9.6000000       1.3260000
       9.6500000       1.3330000
       9.7000000       1.3391000
       9.7500000       1.3445000
       9.8000000       1.3492000
       9.8500000       1.3547000
       9.9000000       1.3595000
       9.9500000       1.3637000
       10.000000       1.3672000
       10.050000       1.3711000
       10.100000       1.3746000
       10.150000       1.3776000
       10.200000       1.3803000
       10.250000       1.3830000
       10.300000       1.3854000
       10.350000       1.3876000
       10.400000       1.3894000
       10.450000       1.3915000
       10.500000       1.3934000
       10.550000       1.3949000
       10.600000       1.3962000
       10.650000       1.3986000
       10.700000       1.4007000
       10.750000       1.4026000
       10.800000       1.4043000
       10.850000       1.4067000
       10.900000       1.4090000
       10.950000       1.4111000
       11.000000       1.4131000
       11.050000       1.4157000
       11.100000       1.4182000
       11.150000       1.4206000
       11.200000       1.4228000
       11.250000       1.4258000
       11.300000       1.4287000
       11.350000       1.4315000
       11.400000       1.4343000
       11.450000       1.4387000
       11.500000       1.4431000
       11.550000       1.4476000
       11.600000       1.4519000
       11.650000       1.4575000
       11.700000       1.4631000
       11.750000       1.4687000
       11.800000       1.4742000
       11.850000       1.4810000
       11.900000       1.4877000
       11.950000       1.4942000
       12.000000       1.5004000
       12.050000       1.5065000
       12.100000       1.5123000
       12.150000       1.5178000
       12.200000       1.5227000
       12.250000       1.5268000
       12.300000       1.5299000
       12.350000       1.5316000
       12.400000       1.5313000
       12.450000       1.5285000
       12.500000       1.5227000
       12.550000       1.5218000
       12.600000       1.5205000
       12.650000       1.5188000
       12.700000       1.5165000
       12.750000       1.5134000
       12.800000       1.5090000
       12.850000       1.5029000
       12.900000       1.4942000
       12.950000       1.4822000
       13.000000       1.4661000
       13.050000       1.4604000
       13.100000       1.4527000
       13.150000       1.4435000
       13.200000       1.4332000
       13.250000       1.4224000
       13.300000       1.4116000
       13.350000       1.4011000
       13.400000       1.3912000
       13.450000       1.3821000
       13.500000       1.3739000
       13.550000       1.3732000
       13.600000       1.3730000
       13.650000       1.3730000
       13.700000       1.3733000
       13.750000       1.3738000
       13.800000       1.3744000
       13.850000       1.3752000
       13.900000       1.3761000
       13.950000       1.3769000
       14.000000       1.3778000
       14.050000       1.3777000
       14.100000       1.3777000
       14.150000       1.3776000
       14.200000       1.3775000
       14.250000       1.3773000
       14.300000       1.3770000
       14.350000       1.3767000
       14.400000       1.3762000
       14.450000       1.3756000
       14.500000       1.3750000
       14.550000       1.3732000
       14.600000       1.3713000
       14.650000       1.3693000
       14.700000       1.3672000
       14.750000       1.3650000
       14.800000       1.3627000
       14.850000       1.3604000
       14.900000       1.3580000
       14.950000       1.3556000
       15.000000       1.3532000
       15.050000       1.3575000
       15.100000       1.3615000
       15.150000       1.3653000
       15.200000       1.3688000
       15.250000       1.3722000
       15.300000       1.3754000
       15.350000       1.3784000
       15.400000       1.3812000
       15.450000       1.3839000
       15.500000       1.3865000
       15.550000       1.3933000
       15.600000       1.3996000
       15.650000       1.4056000
       15.700000       1.4113000
       15.750000       1.4167000
       15.800000       1.4219000
       15.850000       1.4268000
       15.900000       1.4315000
       15.950000       1.4360000
       16.000000       1.4403000
       16.050000       1.4474000
       16.100000       1.4542000
       16.150000       1.4606000
       16.200000       1.4667000
       16.250000       1.4725000
       16.300000       1.4780000
       16.350000       1.4832000
       16.400000       1.4882000
       16.450000       1.4930000
       16.500000       1.4975000
       16.550000       1.5021000
       16.600000       1.5064000
       16.650000       1.5106000
       16.700000       1.5146000
       16.750000       1.5183000
       16.800000       1.5219000
       16.850000       1.5254000
       16.900000       1.5286000
       16.950000       1.5317000
       17.000000       1.5346000
       17.050000       1.5374000
       17.100000       1.5401000
       17.150000       1.5427000
       17.200000       1.5451000
       17.250000       1.5474000
       17.300000       1.5495000
       17.350000       1.5515000
       17.400000       1.5534000
       17.450000       1.5552000
       17.500000       1.5568000
       17.550000       1.5584000
       17.600000       1.5600000
       17.650000       1.5614000
       17.700000       1.5628000
       17.750000       1.5641000
       17.800000       1.5653000
       17.850000       1.5664000
       17.900000       1.5675000
       17.950000       1.5685000
       18.000000       1.5695000
       18.050000       1.5706000
       18.100000       1.5717000
       18.150000       1.5728000
       18.200000       1.5738000
       18.250000       1.5748000
       18.300000       1.5758000
       18.350000       1.5767000
       18.400000       1.5777000
       18.450000       1.5786000
       18.500000       1.5794000
       18.550000       1.5805000
       18.600000       1.5815000
       18.650000       1.5825000
       18.700000       1.5836000
       18.750000       1.5846000
       18.800000       1.5855000
       18.850000       1.5865000
       18.900000       1.5875000
       18.950000       1.5884000
       19.000000       1.5893000
       19.050000       1.5904000
       19.100000       1.5914000
       19.150000       1.5924000
       19.200000       1.5934000
       19.250000       1.5944000
       19.300000       1.5954000
       19.350000       1.5963000
       19.400000       1.5972000
       19.450000       1.5982000
       19.500000       1.5990000
       19.550000       1.6000000
       19.600000       1.6010000
       19.650000       1.6019000
       19.700000       1.6028000
       19.750000       1.6037000
       19.800000       1.6046000
       19.850000       1.6055000
       19.900000       1.6063000
       19.950000       1.6071000
       20.000000       1.6079000
       20.050000       1.6088000
       20.100000       1.6098000
       20.150000       1.6107000
       20.200000       1.6116000
       20.250000       1.6124000
       20.300000       1.6133000
       20.350000       1.6141000
       20.400000       1.6149000
       20.450000       1.6156000
       20.500000       1.6164000
       20.550000       1.6171000
       20.600000       1.6177000
       20.650000       1.6184000
       20.700000       1.6190000
       20.750000       1.6196000
       20.800000       1.6201000
       20.850000       1.6207000
       20.900000       1.6212000
       20.950000       1.6216000
       21.000000       1.6221000
       21.050000       1.6225000
       21.100000       1.6230000
       21.150000       1.6234000
       21.200000       1.6238000
       21.250000       1.6241000
       21.300000       1.6244000
       21.350000       1.6247000
       21.400000       1.6250000
       21.450000       1.6253000
       21.500000       1.6255000
       21.550000       1.6257000
       21.600000       1.6258000
       21.650000       1.6260000
       21.700000       1.6261000
       21.750000       1.6262000
       21.800000       1.6263000
       21.850000       1.6263000
       21.900000       1.6263000
       21.950000       1.6263000
       22.000000       1.6263000
       22.050000       1.6261000
       22.100000       1.6259000
       22.150000       1.6256000
       22.200000       1.6254000
       22.250000       1.6251000
       22.300000       1.6248000
       22.350000       1.6245000
       22.400000       1.6241000
       22.450000       1.6238000
       22.500000       1.6234000
       22.550000       1.6230000
       22.600000       1.6226000
       22.650000       1.6221000
       22.700000       1.6217000
       22.750000       1.6212000
       22.800000       1.6207000
       22.850000       1.6202000
       22.900000       1.6197000
       22.950000       1.6192000
       23.000000       1.6186000
       23.050000       1.6180000
       23.100000       1.6173000
       23.150000       1.6166000
       23.200000       1.6159000
       23.250000       1.6152000
       23.300000       1.6145000
       23.350000       1.6138000
       23.400000       1.6130000
       23.450000       1.6123000
       23.500000       1.6115000
       23.550000       1.6108000
       23.600000       1.6100000
       23.650000       1.6092000
       23.700000       1.6084000
       23.750000       1.6076000
       23.800000       1.6068000
       23.850000       1.6060000
       23.900000       1.6051000
       23.950000       1.6043000
       24.000000       1.6035000
       24.050000       1.6026000
       24.100000       1.6018000
       24.150000       1.6010000
       24.200000       1.6001000
       24.250000       1.5993000
       24.300000       1.5984000
       24.350000       1.5976000
       24.400000       1.5967000
       24.450000       1.5959000
       24.500000       1.5950000
       24.550000       1.5942000
       24.600000       1.5934000
       24.650000       1.5925000
       24.700000       1.5917000
       24.750000       1.5909000
       24.800000       1.5901000
       24.850000       1.5892000
       24.900000       1.5884000
       24.950000       1.5876000
       25.000000       1.5868000
       25.050000       1.5862000
       25.100000       1.5856000
       25.150000       1.5851000
       25.200000       1.5845000
       25.250000       1.5839000
       25.300000       1.5834000
       25.350000       1.5828000
       25.400000       1.5823000
       25.450000       1.5818000
       25.500000       1.5813000
       25.550000       1.5808000
       25.600000       1.5803000
       25.650000       1.5798000
       25.700000       1.5794000
       25.750000       1.5789000
       25.800000       1.5785000
       25.850000       1.5781000
       25.900000       1.5777000
       25.950000       1.5773000
       26.000000       1.5769000
       26.050000       1.5767000
       26.100000       1.5764000
       26.150000       1.5762000
       26.200000       1.5759000
       26.250000       1.5757000
       26.300000       1.5755000
       26.350000       1.5754000
       26.400000       1.5752000
       26.450000       1.5751000
       26.500000       1.5749000
       26.550000       1.5748000
       26.600000       1.5747000
       26.650000       1.5746000
       26.700000       1.5746000
       26.750000       1.5745000
       26.800000       1.5745000
       26.850000       1.5745000
       26.900000       1.5745000
       26.950000       1.5745000
       27.000000       1.5746000
       27.050000       1.5747000
       27.100000       1.5749000
       27.150000       1.5752000
       27.200000       1.5754000
       27.250000       1.5756000
       27.300000       1.5759000
       27.350000       1.5762000
       27.400000       1.5765000
       27.450000       1.5768000
       27.500000       1.5772000
       27.550000       1.5775000
       27.600000       1.5779000
       27.650000       1.5783000
       27.700000       1.5787000
       27.750000       1.5791000
       27.800000       1.5796000
       27.850000       1.5800000
       27.900000       1.5805000
       27.950000       1.5810000
       28.000000       1.5815000
       28.050000       1.5821000
       28.100000       1.5827000
       28.150000       1.5834000
       28.200000       1.5840000
       28.250000       1.5847000
       28.300000       1.5854000
       28.350000       1.5861000
       28.400000       1.5868000
       28.450000       1.5876000
       28.500000       1.5883000
       28.550000       1.5891000
       28.600000       1.5899000
       28.650000       1.5907000
       28.700000       1.5915000
       28.750000       1.5923000
       28.800000       1.5931000
       28.850000       1.5940000
       28.900000       1.5949000
       28.950000       1.5957000
       29.000000       1.5966000
       29.050000       1.5979000
       29.100000       1.5992000
       29.150000       1.6005000
       29.200000       1.6018000
       29.250000       1.6031000
       29.300000       1.6044000
       29.350000       1.6057000
       29.400000       1.6071000
       29.450000       1.6084000
       29.500000       1.6098000
       29.550000       1.6112000
       29.600000       1.6126000
       29.650000       1.6140000
       29.700000       1.6154000
       29.750000       1.6168000
       29.800000       1.6183000
       29.850000       1.6197000
       29.900000       1.6212000
       29.950000       1.6226000
       30.000000       1.6241000
       30.050000       1.6258000
       30.100000       1.6274000
       30.150000       1.6291000
       30.200000       1.6307000
       30.250000       1.6324000
       30.300000       1.6341000
       30.350000       1.6358000
       30.400000       1.6374000
       30.450000       1.6391000
       30.500000       1.6408000
       30.550000       1.6426000
       30.600000       1.6443000
       30.650000       1.6460000
       30.700000       1.6477000
       30.750000       1.6495000
       30.800000       1.6512000
       30.850000       1.6529000
       30.900000       1.6547000
       30.950000       1.6564000
       31.000000       1.6582000
       31.050000       1.6600000
       31.100000       1.6617000
       31.150000       1.6635000
       31.200000       1.6653000
       31.250000       1.6670000
       31.300000       1.6688000
       31.350000       1.6706000
       31.400000       1.6724000
       31.450000       1.6742000
       31.500000       1.6760000
       31.550000       1.6778000
       31.600000       1.6795000
       31.650000       1.6813000
       31.700000       1.6831000
       31.750000       1.6849000
       31.800000       1.6867000
       31.850000       1.6885000
       31.900000       1.6903000
       31.950000       1.6921000
       32.000000       1.6939000
       32.050000       1.6957000
       32.100000       1.6975000
       32.150000       1.6993000
       32.200000       1.7011000
       32.250000       1.7028000
       32.300000       1.7046000
       32.350000       1.7064000
       32.400000       1.7082000
       32.450000       1.7100000
       32.500000       1.7117000
       32.550000       1.7135000
       32.600000       1.7153000
       32.650000       1.7171000
       32.700000       1.7188000
       32.750000       1.7206000
       32.800000       1.7223000
       32.850000       1.7241000
       32.900000       1.7259000
       32.950000       1.7276000
       33.000000       1.7294000
       33.050000       1.7311000
       33.100000       1.7328000
       33.150000       1.7346000
       33.200000       1.7363000
       33.250000       1.7380000
       33.300000       1.7397000
       33.350000       1.7414000
       33.400000       1.7431000
       33.450000       1.7448000
       33.500000       1.7465000
       33.550000       1.7482000
       33.600000       1.7499000
       33.650000       1.7516000
       33.700000       1.7533000
       33.750000       1.7549000
       33.800000       1.7566000
       33.850000       1.7582000
       33.900000       1.7599000
       33.950000       1.7615000
       34.000000       1.7632000
       34.050000       1.7648000
       34.100000       1.7663000
       34.150000       1.7679000
       34.200000       1.7695000
       34.250000       1.7711000
       34.300000       1.7726000
       34.350000       1.7742000
       34.400000       1.7757000
       34.450000       1.7773000
       34.500000       1.7788000
       34.550000       1.7803000
       34.600000       1.7818000
       34.650000       1.7833000
       34.700000       1.7848000
       34.750000       1.7862000
       34.800000       1.7877000
       34.850000       1.7892000
       34.900000       1.7906000
       34.950000       1.7920000
       35.000000       1.7934000
       39.271000       1.8458000
       44.062000       1.5863000
       49.439000       1.0932000
       55.471000      0.66398000
       62.240000      0.40782000
       69.834000      0.26095000
       78.355000      0.17740000
       87.916000      0.12601000
       98.643000     0.090077000
       110.68000     0.069260000
       124.18000     0.054000000
       139.34000     0.041958000
       156.34000     0.032220000
       175.42000     0.024185000
       196.82000     0.017445000
       220.84000     0.014168000
       247.78000     0.011736000
       278.01000    0.0096417000
       311.94000    0.0078248000
       350.00000    0.0062395000
       392.71000    0.0048496000
       440.62000    0.0036266000
       494.39000    0.0025471000
       554.71000    0.0020232000
       622.40000    0.0016071000
       698.34000    0.0012766000
       783.55000    0.0010140000
       879.16000   0.00080545000
       986.43000   0.00063979000
       1000.0000   0.00062255000
