        1060     5.0    3.71
     0.200000     0.838349
     0.223361     0.422089
     0.249451     0.255966
     0.278589     0.168585
     0.311129     0.116634
     0.347471    0.0855044
     0.388058    0.0638710
     0.433385    0.0498215
     0.484008    0.0390771
     0.540542    0.0308150
     0.603681    0.0258548
     0.674195    0.0204148
     0.752945    0.0191688
     0.840893    0.0163078
     0.939115    0.0148232
      1.04881    0.0143903
      1.17132    0.0159109
      1.30813    0.0171981
      1.46093    0.0186825
      1.63158    0.0221100
      1.82215    0.0266696
      2.03499    0.0319761
      2.27269    0.0405051
      2.53816    0.0553173
      2.83463    0.0701184
      3.16573    0.0888473
      3.53551     0.117097
      3.94847     0.154242
      4.40968     0.190448
      4.92476     0.254770
      5.50000     0.332183
      5.51093     0.334376
      5.52189     0.336497
      5.53287     0.338538
      5.54387     0.340486
      5.55489     0.342336
      5.56593     0.344081
      5.57700     0.345715
      5.58809     0.347235
      5.59920     0.348651
      5.61033     0.349982
      5.62148     0.351262
      5.63266     0.352488
      5.64386     0.353655
      5.65508     0.354768
      5.66632     0.355836
      5.67759     0.356858
      5.68887     0.357815
      5.70018     0.358746
      5.71151     0.359710
      5.72287     0.360771
      5.73425     0.361916
      5.74565     0.363126
      5.75707     0.364405
      5.76852     0.365742
      5.77998     0.367117
      5.79148     0.368491
      5.80299     0.369880
      5.81453     0.371318
      5.82609     0.372834
      5.83767     0.374425
      5.84928     0.376078
      5.86090     0.377791
      5.87256     0.379559
      5.88423     0.381379
      5.89593     0.383252
      5.90765     0.385178
      5.91940     0.387148
      5.93116     0.389163
      5.94296     0.391219
      5.95477     0.393311
      5.96661     0.395436
      5.97847     0.397590
      5.99036     0.399775
      6.00227     0.402004
      6.01420     0.404295
      6.02616     0.406626
      6.03814     0.408967
      6.05014     0.411286
      6.06217     0.413592
      6.07422     0.415909
      6.08630     0.418258
      6.09840     0.420641
      6.11052     0.423043
      6.12267     0.425464
      6.13484     0.427907
      6.14704     0.430355
      6.15926     0.432797
      6.17151     0.435223
      6.18378     0.437640
      6.19607     0.440054
      6.20839     0.442474
      6.22073     0.444899
      6.23310     0.447330
      6.24549     0.449785
      6.25791     0.452267
      6.27035     0.454756
      6.28281     0.457242
      6.29530     0.459721
      6.30782     0.462199
      6.32036     0.464689
      6.33293     0.467211
      6.34552     0.469754
      6.35813     0.472295
      6.37077     0.474807
      6.38344     0.477283
      6.39613     0.479759
      6.40884     0.482269
      6.42159     0.484855
      6.43435     0.487481
      6.44715     0.490121
      6.45996     0.492761
      6.47281     0.495399
      6.48567     0.498044
      6.49857     0.500708
      6.51149     0.503401
      6.52443     0.506107
      6.53741     0.508813
      6.55040     0.511507
      6.56343     0.514193
      6.57647     0.516882
      6.58955     0.519593
      6.60265     0.522338
      6.61578     0.525096
      6.62893     0.527856
      6.64211     0.530608
      6.65531     0.533355
      6.66854     0.536113
      6.68180     0.538908
      6.69509     0.541763
      6.70840     0.544646
      6.72173     0.547533
      6.73510     0.550403
      6.74849     0.553259
      6.76190     0.556122
      6.77535     0.559010
      6.78882     0.561945
      6.80231     0.564912
      6.81584     0.567910
      6.82939     0.570951
      6.84296     0.574043
      6.85657     0.577167
      6.87020     0.580322
      6.88386     0.583510
      6.89754     0.586731
      6.91126     0.589982
      6.92500     0.593261
      6.93877     0.596568
      6.95256     0.599909
      6.96638     0.603293
      6.98023     0.606742
      6.99411     0.610264
      7.00801     0.613835
      7.02195     0.617454
      7.03591     0.621127
      7.04989     0.624850
      7.06391     0.628617
      7.07795     0.632432
      7.09203     0.636308
      7.10613     0.640231
      7.12025     0.644191
      7.13441     0.648185
      7.14859     0.652215
      7.16281     0.656276
      7.17705     0.660369
      7.19131     0.664508
      7.20561     0.668698
      7.21994     0.672921
      7.23429     0.677178
      7.24867     0.681497
      7.26308     0.685872
      7.27752     0.690272
      7.29199     0.694690
      7.30649     0.699133
      7.32101     0.703594
      7.33557     0.708065
      7.35015     0.712550
      7.36477     0.717062
      7.37941     0.721593
      7.39408     0.726132
      7.40878     0.730684
      7.42351     0.735264
      7.43827     0.739860
      7.45305     0.744467
      7.46787     0.749093
      7.48272     0.753762
      7.49760     0.758455
      7.51250     0.763157
      7.52744     0.767867
      7.54240     0.772592
      7.55740     0.777328
      7.57242     0.782080
      7.58748     0.786863
      7.60256     0.791709
      7.61768     0.796596
      7.63282     0.801508
      7.64800     0.806453
      7.66320     0.811453
      7.67844     0.816493
      7.69370     0.821567
      7.70900     0.826692
      7.72432     0.831910
      7.73968     0.837197
      7.75507     0.842526
      7.77048     0.847902
      7.78593     0.853351
      7.80141     0.858861
      7.81692     0.864412
      7.83246     0.870004
      7.84803     0.875661
      7.86364     0.881378
      7.87927     0.887137
      7.89494     0.892940
      7.91063     0.898814
      7.92636     0.904768
      7.94212     0.910768
      7.95791     0.916805
      7.97373     0.922894
      7.98958     0.929051
      8.00546     0.935248
      8.02138     0.941478
      8.03733     0.947754
      8.05331     0.954106
      8.06932     0.960505
      8.08536     0.966934
      8.10143     0.973398
      8.11754     0.979929
      8.13368     0.986514
      8.14985     0.993125
      8.16605     0.999757
      8.18229      1.00643
      8.19855      1.01316
      8.21485      1.01992
      8.23118      1.02670
      8.24755      1.03355
      8.26395      1.04054
      8.28037      1.04759
      8.29684      1.05467
      8.31333      1.06176
      8.32986      1.06891
      8.34642      1.07609
      8.36301      1.08329
      8.37964      1.09049
      8.39630      1.09772
      8.41299      1.10502
      8.42972      1.11234
      8.44648      1.11965
      8.46327      1.12697
      8.48009      1.13434
      8.49695      1.14174
      8.51385      1.14914
      8.53077      1.15653
      8.54773      1.16394
      8.56473      1.17140
      8.58175      1.17886
      8.59882      1.18630
      8.61591      1.19374
      8.63304      1.20122
      8.65020      1.20872
      8.66740      1.21621
      8.68463      1.22367
      8.70190      1.23112
      8.71920      1.23862
      8.73653      1.24611
      8.75390      1.25357
      8.77131      1.26099
      8.78874      1.26842
      8.80622      1.27586
      8.82372      1.28327
      8.84127      1.29064
      8.85884      1.29801
      8.87646      1.30548
      8.89410      1.31301
      8.91179      1.32051
      8.92950      1.32794
      8.94726      1.33535
      8.96504      1.34279
      8.98287      1.35019
      9.00073      1.35751
      9.01862      1.36477
      9.03655      1.37199
      9.05452      1.37922
      9.07252      1.38638
      9.09055      1.39346
      9.10863      1.40044
      9.12673      1.40738
      9.14488      1.41430
      9.16306      1.42115
      9.18128      1.42795
      9.19953      1.43483
      9.21782      1.44219
      9.23615      1.45000
      9.25451      1.45781
      9.27291      1.46550
      9.29134      1.47309
      9.30982      1.48072
      9.32832      1.48835
      9.34687      1.49582
      9.36545      1.50306
      9.38407      1.51007
      9.40273      1.51688
      9.42142      1.52348
      9.44015      1.52988
      9.45892      1.53608
      9.47773      1.54215
      9.49657      1.54828
      9.51545      1.55441
      9.53436      1.56038
      9.55332      1.56612
      9.57231      1.57162
      9.59134      1.57692
      9.61041      1.58205
      9.62952      1.58698
      9.64866      1.59170
      9.66784      1.59615
      9.68707      1.60021
      9.70632      1.60389
      9.72562      1.60737
      9.74496      1.61071
      9.76433      1.61394
      9.78374      1.61706
      9.80319      1.62010
      9.82268      1.62302
      9.84221      1.62583
      9.86178      1.62852
      9.88139      1.63106
      9.90103      1.63345
      9.92072      1.63573
      9.94044      1.63793
      9.96020      1.64005
      9.98000      1.64206
      9.99984      1.64394
      10.0197      1.64572
      10.0396      1.64743
      10.0596      1.64907
      10.0796      1.65066
      10.0996      1.65218
      10.1197      1.65364
      10.1398      1.65504
      10.1600      1.65641
      10.1802      1.65772
      10.2004      1.65898
      10.2207      1.66016
      10.2410      1.66129
      10.2614      1.66239
      10.2818      1.66344
      10.3022      1.66446
      10.3227      1.66542
      10.3432      1.66632
      10.3638      1.66718
      10.3844      1.66801
      10.4051      1.66881
      10.4257      1.66955
      10.4465      1.67023
      10.4672      1.67087
      10.4881      1.67146
      10.5089      1.67202
      10.5298      1.67253
      10.5507      1.67298
      10.5717      1.67337
      10.5927      1.67371
      10.6138      1.67400
      10.6349      1.67424
      10.6560      1.67441
      10.6772      1.67446
      10.6984      1.67441
      10.7197      1.67429
      10.7410      1.67411
      10.7624      1.67386
      10.7838      1.67353
      10.8052      1.67313
      10.8267      1.67265
      10.8482      1.67211
      10.8698      1.67151
      10.8914      1.67081
      10.9130      1.66999
      10.9347      1.66902
      10.9565      1.66796
      10.9783      1.66680
      11.0001      1.66557
      11.0220      1.66427
      11.0439      1.66294
      11.0658      1.66157
      11.0878      1.66015
      11.1099      1.65865
      11.1320      1.65709
      11.1541      1.65546
      11.1763      1.65375
      11.1985      1.65197
      11.2207      1.65013
      11.2430      1.64821
      11.2654      1.64623
      11.2878      1.64422
      11.3102      1.64224
      11.3327      1.64026
      11.3553      1.63823
      11.3778      1.63616
      11.4004      1.63403
      11.4231      1.63185
      11.4458      1.62965
      11.4686      1.62742
      11.4914      1.62513
      11.5142      1.62278
      11.5371      1.62033
      11.5601      1.61770
      11.5830      1.61468
      11.6061      1.61131
      11.6291      1.60777
      11.6523      1.60408
      11.6754      1.60024
      11.6986      1.59614
      11.7219      1.59146
      11.7452      1.58616
      11.7685      1.58054
      11.7920      1.57471
      11.8154      1.56871
      11.8389      1.56257
      11.8624      1.55634
      11.8860      1.55007
      11.9096      1.54368
      11.9333      1.53711
      11.9570      1.53030
      11.9808      1.52306
      12.0046      1.51481
      12.0285      1.50448
      12.0524      1.49278
      12.0764      1.48037
      12.1004      1.46746
      12.1244      1.45411
      12.1485      1.44025
      12.1727      1.42564
      12.1969      1.41017
      12.2211      1.39398
      12.2454      1.37718
      12.2698      1.35986
      12.2942      1.34222
      12.3186      1.32485
      12.3431      1.30859
      12.3677      1.29283
      12.3922      1.27710
      12.4169      1.26134
      12.4416      1.24563
      12.4663      1.23029
      12.4911      1.21619
      12.5159      1.20358
      12.5408      1.19164
      12.5657      1.18010
      12.5907      1.16888
      12.6157      1.15807
      12.6408      1.14794
      12.6659      1.13911
      12.6911      1.13129
      12.7164      1.12399
      12.7416      1.11709
      12.7670      1.11062
      12.7924      1.10483
      12.8178      1.10060
      12.8433      1.09921
      12.8688      1.09930
      12.8944      1.09992
      12.9200      1.10076
      12.9457      1.10171
      12.9714      1.10277
      12.9972      1.10401
      13.0231      1.10554
      13.0490      1.10718
      13.0749      1.10884
      13.1009      1.11049
      13.1270      1.11213
      13.1531      1.11386
      13.1792      1.11593
      13.2054      1.11858
      13.2317      1.12143
      13.2580      1.12431
      13.2843      1.12714
      13.3107      1.12992
      13.3372      1.13266
      13.3637      1.13542
      13.3903      1.13826
      13.4169      1.14109
      13.4436      1.14387
      13.4703      1.14660
      13.4971      1.14924
      13.5239      1.15177
      13.5508      1.15408
      13.5777      1.15601
      13.6047      1.15772
      13.6318      1.15934
      13.6589      1.16090
      13.6860      1.16241
      13.7133      1.16389
      13.7405      1.16534
      13.7678      1.16680
      13.7952      1.16826
      13.8226      1.16969
      13.8501      1.17108
      13.8776      1.17243
      13.9052      1.17367
      13.9329      1.17467
      13.9606      1.17499
      13.9883      1.17457
      14.0161      1.17385
      14.0440      1.17302
      14.0719      1.17214
      14.0999      1.17122
      14.1279      1.17030
      14.1560      1.16937
      14.1842      1.16846
      14.2124      1.16756
      14.2406      1.16666
      14.2689      1.16575
      14.2973      1.16484
      14.3257      1.16395
      14.3542      1.16311
      14.3827      1.16246
      14.4113      1.16202
      14.4400      1.16168
      14.4687      1.16137
      14.4975      1.16109
      14.5263      1.16083
      14.5552      1.16060
      14.5841      1.16042
      14.6131      1.16033
      14.6421      1.16033
      14.6713      1.16037
      14.7004      1.16045
      14.7296      1.16058
      14.7589      1.16082
      14.7883      1.16132
      14.8177      1.16260
      14.8471      1.16557
      14.8766      1.16955
      14.9062      1.17388
      14.9359      1.17835
      14.9656      1.18291
      14.9953      1.18755
      15.0251      1.19233
      15.0550      1.19746
      15.0849      1.20324
      15.1149      1.20938
      15.1450      1.21565
      15.1751      1.22199
      15.2052      1.22837
      15.2355      1.23482
      15.2658      1.24141
      15.2961      1.24842
      15.3265      1.25631
      15.3570      1.26469
      15.3875      1.27323
      15.4181      1.28183
      15.4488      1.29045
      15.4795      1.29909
      15.5103      1.30775
      15.5411      1.31646
      15.5720      1.32529
      15.6030      1.33421
      15.6340      1.34315
      15.6650      1.35207
      15.6962      1.36098
      15.7274      1.36986
      15.7587      1.37868
      15.7900      1.38734
      15.8214      1.39558
      15.8528      1.40332
      15.8844      1.41088
      15.9159      1.41836
      15.9476      1.42581
      15.9793      1.43322
      16.0110      1.44059
      16.0429      1.44789
      16.0748      1.45502
      16.1067      1.46181
      16.1388      1.46841
      16.1708      1.47493
      16.2030      1.48141
      16.2352      1.48786
      16.2675      1.49429
      16.2998      1.50068
      16.3322      1.50700
      16.3647      1.51319
      16.3972      1.51919
      16.4298      1.52512
      16.4625      1.53100
      16.4952      1.53684
      16.5280      1.54266
      16.5609      1.54844
      16.5938      1.55418
      16.6268      1.55983
      16.6598      1.56529
      16.6930      1.57056
      16.7262      1.57576
      16.7594      1.58092
      16.7927      1.58604
      16.8261      1.59112
      16.8596      1.59617
      16.8931      1.60115
      16.9267      1.60601
      16.9603      1.61061
      16.9940      1.61499
      17.0278      1.61928
      17.0617      1.62352
      17.0956      1.62773
      17.1296      1.63190
      17.1636      1.63604
      17.1978      1.64011
      17.2320      1.64406
      17.2662      1.64770
      17.3005      1.65107
      17.3349      1.65433
      17.3694      1.65755
      17.4039      1.66073
      17.4385      1.66388
      17.4732      1.66699
      17.5079      1.67006
      17.5427      1.67301
      17.5776      1.67570
      17.6126      1.67807
      17.6476      1.68031
      17.6827      1.68249
      17.7178      1.68464
      17.7530      1.68677
      17.7883      1.68887
      17.8237      1.69094
      17.8591      1.69293
      17.8946      1.69472
      17.9302      1.69614
      17.9659      1.69733
      18.0016      1.69845
      18.0374      1.69953
      18.0732      1.70060
      18.1092      1.70164
      18.1452      1.70266
      18.1812      1.70365
      18.2174      1.70456
      18.2536      1.70525
      18.2899      1.70569
      18.3263      1.70603
      18.3627      1.70632
      18.3992      1.70660
      18.4358      1.70686
      18.4724      1.70712
      18.5092      1.70735
      18.5460      1.70756
      18.5828      1.70769
      18.6198      1.70763
      18.6568      1.70741
      18.6939      1.70712
      18.7311      1.70681
      18.7683      1.70649
      18.8056      1.70616
      18.8430      1.70582
      18.8804      1.70547
      18.9180      1.70510
      18.9556      1.70469
      18.9933      1.70419
      19.0310      1.70361
      19.0689      1.70299
      19.1068      1.70236
      19.1448      1.70173
      19.1828      1.70109
      19.2210      1.70044
      19.2592      1.69978
      19.2975      1.69912
      19.3358      1.69843
      19.3743      1.69768
      19.4128      1.69686
      19.4514      1.69601
      19.4901      1.69515
      19.5288      1.69428
      19.5676      1.69341
      19.6065      1.69254
      19.6455      1.69167
      19.6846      1.69081
      19.7237      1.68998
      19.7629      1.68926
      19.8022      1.68873
      19.8416      1.68830
      19.8810      1.68790
      19.9206      1.68751
      19.9602      1.68713
      19.9998      1.68675
      20.0396      1.68637
      20.0795      1.68600
      20.1194      1.68565
      20.1594      1.68535
      20.1994      1.68522
      20.2396      1.68527
      20.2798      1.68538
      20.3202      1.68551
      20.3606      1.68566
      20.4010      1.68580
      20.4416      1.68595
      20.4822      1.68611
      20.5229      1.68627
      20.5638      1.68646
      20.6046      1.68673
      20.6456      1.68718
      20.6866      1.68779
      20.7278      1.68845
      20.7690      1.68914
      20.8103      1.68983
      20.8517      1.69053
      20.8931      1.69123
      20.9346      1.69194
      20.9763      1.69265
      21.0180      1.69338
      21.0597      1.69418
      21.1016      1.69514
      21.1436      1.69626
      21.1856      1.69743
      21.2277      1.69861
      21.2699      1.69980
      21.3122      1.70099
      21.3546      1.70218
      21.3970      1.70336
      21.4396      1.70454
      21.4822      1.70571
      21.5249      1.70683
      21.5677      1.70781
      21.6106      1.70858
      21.6535      1.70927
      21.6966      1.70993
      21.7397      1.71059
      21.7829      1.71125
      21.8263      1.71192
      21.8696      1.71258
      21.9131      1.71325
      21.9567      1.71393
      22.0003      1.71462
      22.0441      1.71533
      22.0879      1.71610
      22.1318      1.71692
      22.1758      1.71776
      22.2199      1.71861
      22.2641      1.71946
      22.3083      1.72032
      22.3527      1.72118
      22.3971      1.72204
      22.4417      1.72290
      22.4863      1.72376
      22.5310      1.72459
      22.5758      1.72535
      22.6207      1.72591
      22.6656      1.72636
      22.7107      1.72678
      22.7558      1.72719
      22.8011      1.72760
      22.8464      1.72802
      22.8918      1.72844
      22.9373      1.72888
      22.9830      1.72932
      23.0286      1.72976
      23.0744      1.73020
      23.1203      1.73063
      23.1663      1.73100
      23.2123      1.73132
      23.2585      1.73164
      23.3047      1.73196
      23.3510      1.73228
      23.3975      1.73262
      23.4440      1.73296
      23.4906      1.73331
      23.5373      1.73367
      23.5841      1.73404
      23.6310      1.73441
      23.6780      1.73477
      23.7250      1.73508
      23.7722      1.73532
      23.8195      1.73554
      23.8668      1.73576
      23.9143      1.73598
      23.9618      1.73621
      24.0094      1.73645
      24.0572      1.73670
      24.1050      1.73695
      24.1529      1.73722
      24.2010      1.73749
      24.2491      1.73775
      24.2973      1.73799
      24.3456      1.73813
      24.3940      1.73819
      24.4425      1.73821
      24.4911      1.73824
      24.5398      1.73827
      24.5885      1.73831
      24.6374      1.73835
      24.6864      1.73840
      24.7355      1.73846
      24.7847      1.73853
      24.8339      1.73860
      24.8833      1.73866
      24.9328      1.73867
      24.9823      1.73853
      25.0320      1.73823
      25.0818      1.73786
      25.1317      1.73747
      25.1816      1.73708
      25.2317      1.73669
      25.2818      1.73629
      25.3321      1.73590
      25.3825      1.73551
      25.4329      1.73512
      25.4835      1.73472
      25.5341      1.73433
      25.5849      1.73391
      25.6358      1.73346
      25.6868      1.73291
      25.7378      1.73232
      25.7890      1.73169
      25.8403      1.73104
      25.8916      1.73038
      25.9431      1.72969
      25.9947      1.72899
      26.0464      1.72827
      26.0981      1.72753
      26.1500      1.72678
      26.2020      1.72600
      26.2541      1.72520
      26.3063      1.72437
      26.3586      1.72352
      26.4110      1.72263
      26.4635      1.72172
      26.5161      1.72079
      26.5688      1.71984
      26.6217      1.71888
      26.6746      1.71789
      26.7276      1.71688
      26.7808      1.71585
      26.8340      1.71480
      26.8874      1.71372
      26.9408      1.71262
      26.9944      1.71149
      27.0480      1.71030
      27.1018      1.70901
      27.1557      1.70751
      27.2097      1.70590
      27.2638      1.70421
      27.3180      1.70248
      27.3723      1.70070
      27.4267      1.69888
      27.4812      1.69702
      27.5359      1.69511
      27.5906      1.69316
      27.6455      1.69116
      27.7004      1.68911
      27.7555      1.68702
      27.8107      1.68488
      27.8660      1.68266
      27.9214      1.68031
      27.9769      1.67783
      28.0325      1.67527
      28.0882      1.67264
      28.1441      1.66995
      28.2000      1.66720
      28.2561      1.66439
      28.3123      1.66153
      28.3685      1.65861
      28.4249      1.65564
      28.4815      1.65260
      28.5381      1.64951
      28.5948      1.64635
      28.6517      1.64313
      28.7086      1.63981
      28.7657      1.63634
      28.8229      1.63269
      28.8802      1.62894
      28.9376      1.62511
      28.9951      1.62121
      29.0528      1.61725
      29.1105      1.61321
      29.1684      1.60912
      29.2264      1.60496
      29.2845      1.60074
      29.3427      1.59645
      29.4011      1.59210
      29.4595      1.58768
      29.5181      1.58321
      29.5768      1.57867
      29.6356      1.57409
      29.6945      1.56949
      29.7535      1.56485
      29.8127      1.56016
      29.8720      1.55541
      29.9314      1.55060
      29.9909      1.54574
      30.0505      1.54082
      30.1102      1.53584
      30.1701      1.53081
      30.2301      1.52573
      30.2902      1.52058
      30.3504      1.51539
      30.4107      1.51014
      30.4712      1.50484
      30.5318      1.49947
      30.5925      1.49400
      30.6533      1.48837
      30.7142      1.48263
      30.7753      1.47682
      30.8365      1.47096
      30.8978      1.46505
      30.9592      1.45910
      31.0208      1.45311
      31.0824      1.44707
      31.1442      1.44099
      31.2061      1.43487
      31.2682      1.42872
      31.3303      1.42253
      31.3926      1.41630
      31.4550      1.41004
      31.5176      1.40376
      31.5802      1.39749
      31.6430      1.39130
      31.7059      1.38521
      31.7690      1.37915
      31.8321      1.37307
      31.8954      1.36698
      31.9588      1.36086
      32.0224      1.35473
      32.0860      1.34857
      32.1498      1.34239
      32.2137      1.33620
      32.2778      1.32999
      32.3419      1.32376
      32.4062      1.31752
      32.4707      1.31126
      32.5352      1.30498
      32.5999      1.29866
      32.6647      1.29227
      32.7297      1.28567
      32.7947      1.27880
      32.8599      1.27182
      32.9253      1.26481
      32.9907      1.25778
      33.0563      1.25075
      33.1220      1.24371
      33.1879      1.23667
      33.2538      1.22963
      33.3200      1.22259
      33.3862      1.21555
      33.4526      1.20852
      33.5191      1.20149
      33.5857      1.19447
      33.6525      1.18745
      33.7194      1.18045
      33.7864      1.17349
      33.8536      1.16662
      33.9209      1.15996
      33.9883      1.15349
      34.0559      1.14708
      34.1236      1.14071
      34.1915      1.13435
      34.2594      1.12800
      34.3276      1.12167
      34.3958      1.11535
      34.4642      1.10905
      34.5327      1.10276
      34.6014      1.09649
      34.6702      1.09023
      34.7391      1.08399
      34.8081      1.07777
      34.8773      1.07156
      34.9467      1.06538
      35.0162      1.05921
      35.0858      1.05306
      35.1555      1.04692
      35.2254      1.04079
      35.2954      1.03469
      35.3656      1.02860
      35.4359      1.02254
      35.5064      1.01650
      35.5770      1.01048
      35.6477      1.00448
      35.7186     0.998508
      35.7896     0.992560
      35.8607     0.986635
      35.9320     0.980735
      36.0035     0.974860
      36.0751     0.969009
      36.1468     0.963184
      36.2186     0.957384
      36.2906     0.951610
      36.3628     0.945861
      36.4351     0.940138
      36.5075     0.934440
      36.5801     0.928765
      36.6528     0.923117
      36.7257     0.917496
      36.7987     0.911902
      36.8719     0.906336
      36.9452     0.900798
      37.0186     0.895287
      37.0922     0.889804
      37.1660     0.884350
      37.2398     0.878924
      37.3139     0.873526
      37.3881     0.868156
      37.4624     0.862814
      37.5369     0.857501
      37.6115     0.852217
      37.6863     0.846961
      37.7612     0.841735
      37.8363     0.836537
      37.9115     0.831373
      37.9869     0.826247
      38.0624     0.821158
      38.1381     0.816101
      38.2139     0.811073
      38.2898     0.806075
      38.3660     0.801105
      38.4422     0.796164
      38.5187     0.791252
      38.5953     0.786368
      38.6720     0.781513
      38.7489     0.776687
      38.8259     0.771889
      38.9031     0.767119
      38.9804     0.762378
      39.0579     0.757665
      39.1356     0.752980
      39.2134     0.748324
      39.2914     0.743695
      39.3695     0.739095
      39.4477     0.734524
      39.5262     0.729985
      39.6047     0.725481
      39.6835     0.721007
      39.7624     0.716563
      39.8414     0.712146
      39.9206     0.707757
      40.0000     0.703395
      48.0830     0.403323
      57.7993     0.241672
      69.4791     0.150638
      83.5190    0.0968491
      100.396    0.0636580
      120.684    0.0425597
      145.071    0.0287741
      174.386    0.0196134
      209.624    0.0134497
      251.984   0.00926123
      302.904   0.00639025
      364.113   0.00441831
      437.691   0.00305913
      526.137   0.00211886
      632.456   0.00146791
      760.259   0.00101740
      913.887  0.000705381
      1098.56  0.000489064
      1320.55  0.000339188
      1587.40  0.000235266
      1908.17  0.000163197
      2293.77  0.000113210
      2757.28  7.85368e-05
      3314.45  5.44844e-05
      3984.22  3.77988e-05
      4789.33  2.62234e-05
      5757.13  1.81930e-05
      6920.50  1.26218e-05
      8318.95  8.75669e-06
      10000.0  6.07519e-06
