671	1.5	3.20

     0.050000000      0.65181000
     0.056101000      0.74493000
     0.062946000      0.83283000
     0.070627000      0.90600000
     0.079245000      0.95973000
     0.088914000      0.99584000
     0.099763000       1.0146000
      0.11194000       1.0189000
      0.12559000       1.0160000
      0.14092000       1.0090000
      0.15811000      0.99965000
      0.17741000      0.98783000
      0.19905000      0.97296000
      0.22334000      0.98091000
      0.25059000      0.98968000
      0.28117000      0.99883000
      0.31548000       1.0098000
      0.35397000       1.0240000
      0.39716000       1.0404000
      0.44563000       1.0515000
      0.50000000       1.0356000
      0.56101000      0.97048000
      0.62946000      0.83510000
      0.70627000      0.69533000
      0.79245000      0.57949000
      0.88914000      0.44876000
      0.99763000      0.47588000
       1.1194000      0.39839000
       1.2559000      0.27093000
       1.4092000      0.23205000
       1.5811000      0.15679000
       1.7741000      0.15166000
       1.9905000      0.12261000
       2.2334000     0.071518000
       2.5059000     0.056897000
       2.8117000     0.051677000
       3.1548000     0.037250000
       3.5397000     0.035724000
       3.9716000     0.029257000
       4.4563000     0.023028000
       5.0000000     0.036527000
       5.0500000     0.037786000
       5.1000000     0.038948000
       5.1500000     0.040005000
       5.2000000     0.040953000
       5.2500000     0.041791000
       5.3000000     0.042521000
       5.3500000     0.043148000
       5.4000000     0.043678000
       5.4500000     0.044119000
       5.5000000     0.044482000
       5.5500000     0.043187000
       5.6000000     0.041903000
       5.6500000     0.040640000
       5.7000000     0.039407000
       5.7500000     0.038211000
       5.8000000     0.037055000
       5.8500000     0.035944000
       5.9000000     0.034879000
       5.9500000     0.033860000
       6.0000000     0.032888000
       6.0500000     0.032268000
       6.1000000     0.031680000
       6.1500000     0.031124000
       6.2000000     0.030599000
       6.2500000     0.030103000
       6.3000000     0.029635000
       6.3500000     0.029193000
       6.4000000     0.028777000
       6.4500000     0.028384000
       6.5000000     0.028012000
       6.5500000     0.028187000
       6.6000000     0.028365000
       6.6500000     0.028546000
       6.7000000     0.028729000
       6.7500000     0.028915000
       6.8000000     0.029102000
       6.8500000     0.029291000
       6.9000000     0.029481000
       6.9500000     0.029672000
       7.0000000     0.029864000
       7.0500000     0.030826000
       7.1000000     0.031768000
       7.1500000     0.032692000
       7.2000000     0.033598000
       7.2500000     0.034488000
       7.3000000     0.035360000
       7.3500000     0.036216000
       7.4000000     0.037057000
       7.4500000     0.037882000
       7.5000000     0.038691000
       7.5500000     0.063978000
       7.6000000     0.088260000
       7.6500000      0.11160000
       7.7000000      0.13405000
       7.7500000      0.15566000
       7.8000000      0.17648000
       7.8500000      0.19653000
       7.9000000      0.21587000
       7.9500000      0.23451000
       8.0000000      0.25250000
       8.0500000      0.31658000
       8.1000000      0.37669000
       8.1500000      0.43320000
       8.2000000      0.48641000
       8.2500000      0.54669000
       8.3000000      0.60377000
       8.3500000      0.65797000
       8.4000000      0.70957000
       8.4500000      0.76497000
       8.5000000      0.81806000
       8.5500000      0.86909000
       8.6000000      0.91825000
       8.6500000      0.98018000
       8.7000000       1.0398000
       8.7500000       1.0973000
       8.8000000       1.1528000
       8.8500000       1.2092000
       8.9000000       1.2632000
       8.9500000       1.3147000
       9.0000000       1.3639000
       9.0500000       1.3894000
       9.1000000       1.4139000
       9.1500000       1.4375000
       9.2000000       1.4601000
       9.2500000       1.4814000
       9.3000000       1.5017000
       9.3500000       1.5211000
       9.4000000       1.5396000
       9.4500000       1.5519000
       9.5000000       1.5635000
       9.5500000       1.5743000
       9.6000000       1.5842000
       9.6500000       1.5840000
       9.7000000       1.5833000
       9.7500000       1.5821000
       9.8000000       1.5806000
       9.8500000       1.5742000
       9.9000000       1.5676000
       9.9500000       1.5606000
       10.000000       1.5534000
       10.050000       1.5466000
       10.100000       1.5395000
       10.150000       1.5322000
       10.200000       1.5247000
       10.250000       1.5155000
       10.300000       1.5062000
       10.350000       1.4966000
       10.400000       1.4868000
       10.450000       1.4749000
       10.500000       1.4629000
       10.550000       1.4506000
       10.600000       1.4383000
       10.650000       1.4216000
       10.700000       1.4048000
       10.750000       1.3878000
       10.800000       1.3706000
       10.850000       1.3478000
       10.900000       1.3247000
       10.950000       1.3014000
       11.000000       1.2779000
       11.050000       1.2497000
       11.100000       1.2211000
       11.150000       1.1922000
       11.200000       1.1629000
       11.250000       1.1302000
       11.300000       1.0969000
       11.350000       1.0633000
       11.400000       1.0293000
       11.450000      0.99291000
       11.500000      0.95614000
       11.550000      0.91899000
       11.600000      0.88149000
       11.650000      0.84213000
       11.700000      0.80246000
       11.750000      0.76253000
       11.800000      0.72237000
       11.850000      0.68564000
       11.900000      0.64888000
       11.950000      0.61209000
       12.000000      0.57530000
       12.050000      0.55338000
       12.100000      0.53169000
       12.150000      0.51023000
       12.200000      0.48897000
       12.250000      0.46790000
       12.300000      0.44701000
       12.350000      0.42627000
       12.400000      0.40568000
       12.450000      0.38523000
       12.500000      0.36489000
       12.550000      0.35876000
       12.600000      0.35274000
       12.650000      0.34682000
       12.700000      0.34100000
       12.750000      0.33526000
       12.800000      0.32961000
       12.850000      0.32404000
       12.900000      0.31854000
       12.950000      0.31311000
       13.000000      0.30774000
       13.050000      0.30933000
       13.100000      0.31094000
       13.150000      0.31257000
       13.200000      0.31423000
       13.250000      0.31590000
       13.300000      0.31760000
       13.350000      0.31931000
       13.400000      0.32104000
       13.450000      0.32280000
       13.500000      0.32457000
       13.550000      0.32763000
       13.600000      0.33070000
       13.650000      0.33375000
       13.700000      0.33680000
       13.750000      0.33985000
       13.800000      0.34290000
       13.850000      0.34594000
       13.900000      0.34898000
       13.950000      0.35201000
       14.000000      0.35504000
       14.050000      0.35704000
       14.100000      0.35905000
       14.150000      0.36105000
       14.200000      0.36306000
       14.250000      0.36507000
       14.300000      0.36709000
       14.350000      0.36911000
       14.400000      0.37113000
       14.450000      0.37316000
       14.500000      0.37519000
       14.550000      0.37831000
       14.600000      0.38142000
       14.650000      0.38455000
       14.700000      0.38767000
       14.750000      0.39080000
       14.800000      0.39393000
       14.850000      0.39707000
       14.900000      0.40021000
       14.950000      0.40336000
       15.000000      0.40651000
       15.050000      0.41246000
       15.100000      0.41841000
       15.150000      0.42437000
       15.200000      0.43034000
       15.250000      0.43631000
       15.300000      0.44228000
       15.350000      0.44827000
       15.400000      0.45425000
       15.450000      0.46025000
       15.500000      0.46625000
       15.550000      0.47893000
       15.600000      0.49157000
       15.650000      0.50418000
       15.700000      0.51677000
       15.750000      0.52933000
       15.800000      0.54187000
       15.850000      0.55438000
       15.900000      0.56689000
       15.950000      0.57937000
       16.000000      0.59185000
       16.050000      0.60590000
       16.100000      0.61987000
       16.150000      0.63378000
       16.200000      0.64762000
       16.250000      0.66140000
       16.300000      0.67512000
       16.350000      0.68877000
       16.400000      0.70237000
       16.450000      0.71591000
       16.500000      0.72940000
       16.550000      0.74110000
       16.600000      0.75270000
       16.650000      0.76419000
       16.700000      0.77557000
       16.750000      0.78685000
       16.800000      0.79802000
       16.850000      0.80908000
       16.900000      0.82004000
       16.950000      0.83089000
       17.000000      0.84163000
       17.050000      0.85024000
       17.100000      0.85870000
       17.150000      0.86700000
       17.200000      0.87514000
       17.250000      0.88313000
       17.300000      0.89095000
       17.350000      0.89861000
       17.400000      0.90612000
       17.450000      0.91346000
       17.500000      0.92063000
       17.550000      0.92488000
       17.600000      0.92896000
       17.650000      0.93289000
       17.700000      0.93664000
       17.750000      0.94024000
       17.800000      0.94368000
       17.850000      0.94695000
       17.900000      0.95007000
       17.950000      0.95302000
       18.000000      0.95582000
       18.050000      0.95513000
       18.100000      0.95433000
       18.150000      0.95344000
       18.200000      0.95245000
       18.250000      0.95136000
       18.300000      0.95017000
       18.350000      0.94889000
       18.400000      0.94752000
       18.450000      0.94605000
       18.500000      0.94450000
       18.550000      0.94150000
       18.600000      0.93846000
       18.650000      0.93538000
       18.700000      0.93226000
       18.750000      0.92911000
       18.800000      0.92592000
       18.850000      0.92269000
       18.900000      0.91944000
       18.950000      0.91615000
       19.000000      0.91283000
       19.050000      0.90958000
       19.100000      0.90631000
       19.150000      0.90302000
       19.200000      0.89972000
       19.250000      0.89640000
       19.300000      0.89307000
       19.350000      0.88972000
       19.400000      0.88635000
       19.450000      0.88297000
       19.500000      0.87958000
       19.550000      0.87690000
       19.600000      0.87419000
       19.650000      0.87146000
       19.700000      0.86871000
       19.750000      0.86594000
       19.800000      0.86314000
       19.850000      0.86033000
       19.900000      0.85749000
       19.950000      0.85464000
       20.000000      0.85177000
       20.050000      0.84773000
       20.100000      0.84365000
       20.150000      0.83955000
       20.200000      0.83542000
       20.250000      0.83126000
       20.300000      0.82708000
       20.350000      0.82288000
       20.400000      0.81866000
       20.450000      0.81441000
       20.500000      0.81015000
       20.550000      0.80588000
       20.600000      0.80159000
       20.650000      0.79729000
       20.700000      0.79298000
       20.750000      0.78866000
       20.800000      0.78433000
       20.850000      0.77999000
       20.900000      0.77565000
       20.950000      0.77130000
       21.000000      0.76695000
       21.050000      0.75648000
       21.100000      0.74616000
       21.150000      0.73599000
       21.200000      0.72595000
       21.250000      0.71606000
       21.300000      0.70631000
       21.350000      0.69669000
       21.400000      0.68721000
       21.450000      0.67786000
       21.500000      0.66864000
       21.550000      0.65955000
       21.600000      0.65059000
       21.650000      0.64176000
       21.700000      0.63305000
       21.750000      0.62446000
       21.800000      0.61599000
       21.850000      0.60764000
       21.900000      0.59940000
       21.950000      0.59128000
       22.000000      0.58328000
       22.050000      0.57724000
       22.100000      0.57123000
       22.150000      0.56526000
       22.200000      0.55932000
       22.250000      0.55342000
       22.300000      0.54755000
       22.350000      0.54172000
       22.400000      0.53592000
       22.450000      0.53015000
       22.500000      0.52442000
       22.550000      0.51873000
       22.600000      0.51307000
       22.650000      0.50744000
       22.700000      0.50185000
       22.750000      0.49629000
       22.800000      0.49076000
       22.850000      0.48527000
       22.900000      0.47982000
       22.950000      0.47439000
       23.000000      0.46900000
       23.050000      0.46577000
       23.100000      0.46256000
       23.150000      0.45936000
       23.200000      0.45617000
       23.250000      0.45300000
       23.300000      0.44985000
       23.350000      0.44671000
       23.400000      0.44359000
       23.450000      0.44048000
       23.500000      0.43738000
       23.550000      0.43430000
       23.600000      0.43124000
       23.650000      0.42819000
       23.700000      0.42515000
       23.750000      0.42213000
       23.800000      0.41912000
       23.850000      0.41613000
       23.900000      0.41315000
       23.950000      0.41019000
       24.000000      0.40724000
       24.050000      0.40518000
       24.100000      0.40313000
       24.150000      0.40109000
       24.200000      0.39906000
       24.250000      0.39704000
       24.300000      0.39503000
       24.350000      0.39304000
       24.400000      0.39105000
       24.450000      0.38908000
       24.500000      0.38711000
       24.550000      0.38516000
       24.600000      0.38321000
       24.650000      0.38128000
       24.700000      0.37935000
       24.750000      0.37744000
       24.800000      0.37553000
       24.850000      0.37364000
       24.900000      0.37175000
       24.950000      0.36988000
       25.000000      0.36801000
       25.050000      0.36655000
       25.100000      0.36509000
       25.150000      0.36365000
       25.200000      0.36221000
       25.250000      0.36077000
       25.300000      0.35935000
       25.350000      0.35793000
       25.400000      0.35652000
       25.450000      0.35512000
       25.500000      0.35373000
       25.550000      0.35234000
       25.600000      0.35096000
       25.650000      0.34958000
       25.700000      0.34822000
       25.750000      0.34686000
       25.800000      0.34551000
       25.850000      0.34416000
       25.900000      0.34283000
       25.950000      0.34149000
       26.000000      0.34017000
       26.050000      0.33893000
       26.100000      0.33769000
       26.150000      0.33646000
       26.200000      0.33523000
       26.250000      0.33401000
       26.300000      0.33280000
       26.350000      0.33160000
       26.400000      0.33040000
       26.450000      0.32920000
       26.500000      0.32801000
       26.550000      0.32683000
       26.600000      0.32566000
       26.650000      0.32449000
       26.700000      0.32332000
       26.750000      0.32217000
       26.800000      0.32102000
       26.850000      0.31987000
       26.900000      0.31873000
       26.950000      0.31759000
       27.000000      0.31647000
       27.050000      0.31533000
       27.100000      0.31419000
       27.150000      0.31307000
       27.200000      0.31194000
       27.250000      0.31083000
       27.300000      0.30972000
       27.350000      0.30861000
       27.400000      0.30751000
       27.450000      0.30642000
       27.500000      0.30533000
       27.550000      0.30425000
       27.600000      0.30317000
       27.650000      0.30210000
       27.700000      0.30103000
       27.750000      0.29997000
       27.800000      0.29891000
       27.850000      0.29786000
       27.900000      0.29681000
       27.950000      0.29577000
       28.000000      0.29473000
       28.050000      0.29364000
       28.100000      0.29255000
       28.150000      0.29147000
       28.200000      0.29039000
       28.250000      0.28932000
       28.300000      0.28825000
       28.350000      0.28719000
       28.400000      0.28613000
       28.450000      0.28508000
       28.500000      0.28404000
       28.550000      0.28300000
       28.600000      0.28196000
       28.650000      0.28093000
       28.700000      0.27990000
       28.750000      0.27888000
       28.800000      0.27787000
       28.850000      0.27686000
       28.900000      0.27585000
       28.950000      0.27485000
       29.000000      0.27385000
       29.050000      0.27276000
       29.100000      0.27166000
       29.150000      0.27058000
       29.200000      0.26950000
       29.250000      0.26842000
       29.300000      0.26735000
       29.350000      0.26629000
       29.400000      0.26523000
       29.450000      0.26417000
       29.500000      0.26312000
       29.550000      0.26208000
       29.600000      0.26104000
       29.650000      0.26001000
       29.700000      0.25898000
       29.750000      0.25795000
       29.800000      0.25693000
       29.850000      0.25592000
       29.900000      0.25491000
       29.950000      0.25391000
       30.000000      0.25291000
       30.050000      0.25184000
       30.100000      0.25077000
       30.150000      0.24971000
       30.200000      0.24866000
       30.250000      0.24761000
       30.300000      0.24656000
       30.350000      0.24552000
       30.400000      0.24449000
       30.450000      0.24346000
       30.500000      0.24243000
       30.550000      0.24141000
       30.600000      0.24040000
       30.650000      0.23939000
       30.700000      0.23838000
       30.750000      0.23738000
       30.800000      0.23639000
       30.850000      0.23540000
       30.900000      0.23441000
       30.950000      0.23343000
       31.000000      0.23245000
       31.050000      0.23148000
       31.100000      0.23051000
       31.150000      0.22955000
       31.200000      0.22859000
       31.250000      0.22764000
       31.300000      0.22669000
       31.350000      0.22575000
       31.400000      0.22481000
       31.450000      0.22387000
       31.500000      0.22294000
       31.550000      0.22201000
       31.600000      0.22109000
       31.650000      0.22017000
       31.700000      0.21926000
       31.750000      0.21835000
       31.800000      0.21745000
       31.850000      0.21655000
       31.900000      0.21565000
       31.950000      0.21476000
       32.000000      0.21387000
       32.050000      0.21294000
       32.100000      0.21201000
       32.150000      0.21109000
       32.200000      0.21018000
       32.250000      0.20926000
       32.300000      0.20835000
       32.350000      0.20745000
       32.400000      0.20655000
       32.450000      0.20565000
       32.500000      0.20476000
       32.550000      0.20387000
       32.600000      0.20298000
       32.650000      0.20210000
       32.700000      0.20123000
       32.750000      0.20035000
       32.800000      0.19949000
       32.850000      0.19862000
       32.900000      0.19776000
       32.950000      0.19690000
       33.000000      0.19605000
       33.050000      0.19520000
       33.100000      0.19435000
       33.150000      0.19351000
       33.200000      0.19267000
       33.250000      0.19184000
       33.300000      0.19101000
       33.350000      0.19018000
       33.400000      0.18936000
       33.450000      0.18854000
       33.500000      0.18772000
       33.550000      0.18691000
       33.600000      0.18610000
       33.650000      0.18529000
       33.700000      0.18449000
       33.750000      0.18369000
       33.800000      0.18290000
       33.850000      0.18211000
       33.900000      0.18132000
       33.950000      0.18053000
       34.000000      0.17975000
       34.050000      0.17899000
       34.100000      0.17823000
       34.150000      0.17747000
       34.200000      0.17671000
       34.250000      0.17596000
       34.300000      0.17521000
       34.350000      0.17447000
       34.400000      0.17373000
       34.450000      0.17299000
       34.500000      0.17225000
       34.550000      0.17151000
       34.600000      0.17078000
       34.650000      0.17006000
       34.700000      0.16933000
       34.750000      0.16861000
       34.800000      0.16789000
       34.850000      0.16717000
       34.900000      0.16646000
       34.950000      0.16575000
       35.000000      0.16504000
       39.271000      0.11725000
       44.062000     0.088334000
       49.439000     0.067478000
       55.471000     0.052149000
       62.240000     0.041969000
       69.834000     0.032385000
       78.355000     0.025796000
       87.916000     0.020622000
       98.643000     0.016335000
       110.68000     0.013532000
       124.18000     0.011176000
       139.34000    0.0090887000
       156.34000    0.0072357000
       175.42000    0.0055888000
       196.82000    0.0041235000
       220.84000    0.0034111000
       247.78000    0.0028675000
       278.01000    0.0023839000
       311.94000    0.0019533000
       350.00000    0.0015698000
       392.71000    0.0012282000
       440.62000   0.00092390000
       494.39000   0.00065273000
       554.71000   0.00051848000
       622.40000   0.00041184000
       698.34000   0.00032714000
       783.55000   0.00025986000
       879.16000   0.00020641000
       986.43000   0.00016396000
       1000.0000   0.00015954000
