        1060     0.1    2.0
     0.200000    0.0521204
     0.223361    0.0116632
     0.249451   0.00577227
     0.278589   0.00341482
     0.311129   0.00218670
     0.347471   0.00149101
     0.388058   0.00107163
     0.433385  0.000781103
     0.484008  0.000554390
     0.540542  0.000412746
     0.603681  0.000300576
     0.674195  0.000237348
     0.752945  0.000208783
     0.840893  0.000163552
     0.939115  0.000144355
      1.04881  0.000127594
      1.17132  0.000112937
      1.30813  0.000112616
      1.46093  0.000111057
      1.63158  0.000128201
      1.82215  0.000140491
      2.03499  0.000164242
      2.27269  0.000200326
      2.53816  0.000243689
      2.83463  0.000307879
      3.16573  0.000390183
      3.53551  0.000506311
      3.94847  0.000667222
      4.40968  0.000902040
      4.92476   0.00126031
      5.50000   0.00184676
      5.51093   0.00186020
      5.52189   0.00187367
      5.53287   0.00188729
      5.54387   0.00190112
      5.55489   0.00191521
      5.56593   0.00192974
      5.57700   0.00194494
      5.58809   0.00196045
      5.59920   0.00197596
      5.61033   0.00199114
      5.62148   0.00200611
      5.63266   0.00202110
      5.64386   0.00203620
      5.65508   0.00205147
      5.66632   0.00206695
      5.67759   0.00208277
      5.68887   0.00209917
      5.70018   0.00211593
      5.71151   0.00213284
      5.72287   0.00214973
      5.73425   0.00216660
      5.74565   0.00218369
      5.75707   0.00220137
      5.76852   0.00222005
      5.77998   0.00223926
      5.79148   0.00225858
      5.80299   0.00227753
      5.81453   0.00229613
      5.82609   0.00231468
      5.83767   0.00233327
      5.84928   0.00235190
      5.86090   0.00237069
      5.87256   0.00238980
      5.88423   0.00240959
      5.89593   0.00243009
      5.90765   0.00245096
      5.91940   0.00247210
      5.93116   0.00249350
      5.94296   0.00251513
      5.95477   0.00253701
      5.96661   0.00255921
      5.97847   0.00258175
      5.99036   0.00260449
      6.00227   0.00262726
      6.01420   0.00264976
      6.02616   0.00267219
      6.03814   0.00269495
      6.05014   0.00271865
      6.06217   0.00274391
      6.07422   0.00276996
      6.08630   0.00279615
      6.09840   0.00282176
      6.11052   0.00284663
      6.12267   0.00287151
      6.13484   0.00289696
      6.14704   0.00292378
      6.15926   0.00295168
      6.17151   0.00298007
      6.18378   0.00300859
      6.19607   0.00303697
      6.20839   0.00306543
      6.22073   0.00309419
      6.23310   0.00312353
      6.24549   0.00315361
      6.25791   0.00318421
      6.27035   0.00321527
      6.28281   0.00324691
      6.29530   0.00327913
      6.30782   0.00331174
      6.32036   0.00334462
      6.33293   0.00337764
      6.34552   0.00341085
      6.35813   0.00344447
      6.37077   0.00347881
      6.38344   0.00351443
      6.39613   0.00355098
      6.40884   0.00358800
      6.42159   0.00362514
      6.43435   0.00366203
      6.44715   0.00369907
      6.45996   0.00373676
      6.47281   0.00377602
      6.48567   0.00381779
      6.49857   0.00386094
      6.51149   0.00390456
      6.52443   0.00394767
      6.53741   0.00398953
      6.55040   0.00403122
      6.56343   0.00407362
      6.57647   0.00411799
      6.58955   0.00416526
      6.60265   0.00421406
      6.61578   0.00426354
      6.62893   0.00431298
      6.64211   0.00436197
      6.65531   0.00441116
      6.66854   0.00446107
      6.68180   0.00451244
      6.69509   0.00456584
      6.70840   0.00462054
      6.72173   0.00467623
      6.73510   0.00473301
      6.74849   0.00479109
      6.76190   0.00485012
      6.77535   0.00490990
      6.78882   0.00497022
      6.80231   0.00503091
      6.81584   0.00509227
      6.82939   0.00515471
      6.84296   0.00521909
      6.85657   0.00528673
      6.87020   0.00535657
      6.88386   0.00542758
      6.89754   0.00549907
      6.91126   0.00557008
      6.92500   0.00564117
      6.93877   0.00571332
      6.95256   0.00578775
      6.96638   0.00586704
      6.98023   0.00595075
      6.99411   0.00603665
      7.00801   0.00612355
      7.02195   0.00620990
      7.03591   0.00629533
      7.04989   0.00638139
      7.06391   0.00646934
      7.07795   0.00656143
      7.09203   0.00665984
      7.10613   0.00676198
      7.12025   0.00686626
      7.13441   0.00697179
      7.14859   0.00707757
      7.16281   0.00718416
      7.17705   0.00729237
      7.19131   0.00740314
      7.20561   0.00751840
      7.21994   0.00763834
      7.23429   0.00776140
      7.24867   0.00788737
      7.26308   0.00801716
      7.27752   0.00815189
      7.29199   0.00829011
      7.30649   0.00843100
      7.32101   0.00857402
      7.33557   0.00871854
      7.35015   0.00886500
      7.36477   0.00901445
      7.37941   0.00916873
      7.39408   0.00933274
      7.40878   0.00950919
      7.42351   0.00969255
      7.43827   0.00987961
      7.45305    0.0100671
      7.46787    0.0102499
      7.48272    0.0104308
      7.49760    0.0106147
      7.51250    0.0108062
      7.52744    0.0110160
      7.54240    0.0112505
      7.55740    0.0114981
      7.57242    0.0117528
      7.58748    0.0120101
      7.60256    0.0122631
      7.61768    0.0125142
      7.63282    0.0127690
      7.64800    0.0130319
      7.66320    0.0133113
      7.67844    0.0136163
      7.69370    0.0139378
      7.70900    0.0142702
      7.72432    0.0146120
      7.73968    0.0149635
      7.75507    0.0153249
      7.77048    0.0156958
      7.78593    0.0160770
      7.80141    0.0164707
      7.81692    0.0168820
      7.83246    0.0173096
      7.84803    0.0177515
      7.86364    0.0182100
      7.87927    0.0186950
      7.89494    0.0192204
      7.91063    0.0197742
      7.92636    0.0203476
      7.94212    0.0209350
      7.95791    0.0215274
      7.97373    0.0221189
      7.98958    0.0227208
      8.00546    0.0233423
      8.02138    0.0239980
      8.03733    0.0247250
      8.05331    0.0255344
      8.06932    0.0263920
      8.08536    0.0272802
      8.10143    0.0281822
      8.11754    0.0290627
      8.13368    0.0299214
      8.14985    0.0307895
      8.16605    0.0316839
      8.18229    0.0326257
      8.19855    0.0336584
      8.21485    0.0347774
      8.23118    0.0359492
      8.24755    0.0371553
      8.26395    0.0383690
      8.28037    0.0395314
      8.29684    0.0406530
      8.31333    0.0417772
      8.32986    0.0429166
      8.34642    0.0440654
      8.36301    0.0451968
      8.37964    0.0463160
      8.39630    0.0474446
      8.41299    0.0485843
      8.42972    0.0497156
      8.44648    0.0507804
      8.46327    0.0517810
      8.48009    0.0527671
      8.49695    0.0537520
      8.51385    0.0547242
      8.53077    0.0556355
      8.54773    0.0564769
      8.56473    0.0572998
      8.58175    0.0581267
      8.59882    0.0589708
      8.61591    0.0598524
      8.63304    0.0607840
      8.65020    0.0617446
      8.66740    0.0627231
      8.68463    0.0637112
      8.70190    0.0646929
      8.71920    0.0656479
      8.73653    0.0665976
      8.75390    0.0675604
      8.77131    0.0685550
      8.78874    0.0696255
      8.80622    0.0708644
      8.82372    0.0722345
      8.84127    0.0736677
      8.85884    0.0751362
      8.87646    0.0766170
      8.89410    0.0780642
      8.91179    0.0794649
      8.92950    0.0808621
      8.94726    0.0822714
      8.96504    0.0836912
      8.98287    0.0850991
      9.00073    0.0864608
      9.01862    0.0878087
      9.03655    0.0891620
      9.05452    0.0905153
      9.07252    0.0918301
      9.09055    0.0930000
      9.10863    0.0940310
      9.12673    0.0950134
      9.14488    0.0959699
      9.16306    0.0968754
      9.18128    0.0976223
      9.19953    0.0980680
      9.21782    0.0983592
      9.23615    0.0985886
      9.25451    0.0987724
      9.27291    0.0988718
      9.29134    0.0987563
      9.30982    0.0984172
      9.32832    0.0979917
      9.34687    0.0975264
      9.36545    0.0970176
      9.38407    0.0964081
      9.40273    0.0955801
      9.42142    0.0946179
      9.44015    0.0936156
      9.45892    0.0926039
      9.47773    0.0915903
      9.49657    0.0905694
      9.51545    0.0895339
      9.53436    0.0884977
      9.55332    0.0874695
      9.57231    0.0864551
      9.59134    0.0854662
      9.61041    0.0845328
      9.62952    0.0836616
      9.64866    0.0828097
      9.66784    0.0819429
      9.68707    0.0810013
      9.70632    0.0798234
      9.72562    0.0780049
      9.74496    0.0756110
      9.76433    0.0730750
      9.78374    0.0705502
      9.80319    0.0680784
      9.82268    0.0656531
      9.84221    0.0632300
      9.86178    0.0608291
      9.88139    0.0584971
      9.90103    0.0562479
      9.92072    0.0540846
      9.94044    0.0520088
      9.96020    0.0500245
      9.98000    0.0481255
      9.99984    0.0463021
      10.0197    0.0445490
      10.0396    0.0428632
      10.0596    0.0412426
      10.0796    0.0396862
      10.0996    0.0381914
      10.1197    0.0367553
      10.1398    0.0353782
      10.1600    0.0340664
      10.1802    0.0328422
      10.2004    0.0317660
      10.2207    0.0308290
      10.2410    0.0299569
      10.2614    0.0291227
      10.2818    0.0283185
      10.3022    0.0275462
      10.3227    0.0268188
      10.3432    0.0261417
      10.3638    0.0254942
      10.3844    0.0248670
      10.4051    0.0242579
      10.4257    0.0236678
      10.4465    0.0231027
      10.4672    0.0225707
      10.4881    0.0220610
      10.5089    0.0215666
      10.5298    0.0210861
      10.5507    0.0206219
      10.5717    0.0201834
      10.5927    0.0197922
      10.6138    0.0194383
      10.6349    0.0191009
      10.6560    0.0187726
      10.6772    0.0184507
      10.6984    0.0181339
      10.7197    0.0178202
      10.7410    0.0175087
      10.7624    0.0172013
      10.7838    0.0168995
      10.8052    0.0166044
      10.8267    0.0163191
      10.8482    0.0160524
      10.8698    0.0158233
      10.8914    0.0156218
      10.9130    0.0154310
      10.9347    0.0152452
      10.9565    0.0150626
      10.9783    0.0148822
      11.0001    0.0147036
      11.0220    0.0145263
      11.0439    0.0143509
      11.0658    0.0141776
      11.0878    0.0140070
      11.1099    0.0138400
      11.1320    0.0136801
      11.1541    0.0135358
      11.1763    0.0134082
      11.1985    0.0132875
      11.2207    0.0131698
      11.2430    0.0130541
      11.2654    0.0129403
      11.2878    0.0128300
      11.3102    0.0127265
      11.3327    0.0126287
      11.3553    0.0125332
      11.3778    0.0124392
      11.4004    0.0123465
      11.4231    0.0122558
      11.4458    0.0121695
      11.4686    0.0120926
      11.4914    0.0120220
      11.5142    0.0119538
      11.5371    0.0118869
      11.5601    0.0118210
      11.5830    0.0117569
      11.6061    0.0116973
      11.6291    0.0116473
      11.6523    0.0116035
      11.6754    0.0115619
      11.6986    0.0115212
      11.7219    0.0114810
      11.7452    0.0114415
      11.7685    0.0114036
      11.7920    0.0113691
      11.8154    0.0113371
      11.8389    0.0113061
      11.8624    0.0112755
      11.8860    0.0112456
      11.9096    0.0112170
      11.9333    0.0111923
      11.9570    0.0111775
      11.9808    0.0111713
      12.0046    0.0111683
      12.0285    0.0111663
      12.0524    0.0111647
      12.0764    0.0111632
      12.1004    0.0111621
      12.1244    0.0111617
      12.1485    0.0111623
      12.1727    0.0111632
      12.1969    0.0111643
      12.2211    0.0111656
      12.2454    0.0111675
      12.2698    0.0111711
      12.2942    0.0111795
      12.3186    0.0111978
      12.3431    0.0112216
      12.3677    0.0112472
      12.3922    0.0112736
      12.4169    0.0113003
      12.4416    0.0113272
      12.4663    0.0113548
      12.4911    0.0113838
      12.5159    0.0114143
      12.5408    0.0114454
      12.5657    0.0114769
      12.5907    0.0115085
      12.6157    0.0115406
      12.6408    0.0115737
      12.6659    0.0116097
      12.6911    0.0116517
      12.7164    0.0116975
      12.7416    0.0117448
      12.7670    0.0117927
      12.7924    0.0118410
      12.8178    0.0118899
      12.8433    0.0119397
      12.8688    0.0119920
      12.8944    0.0120481
      12.9200    0.0121062
      12.9457    0.0121650
      12.9714    0.0122244
      12.9972    0.0122842
      13.0231    0.0123445
      13.0490    0.0124056
      13.0749    0.0124686
      13.1009    0.0125339
      13.1270    0.0126004
      13.1531    0.0126676
      13.1792    0.0127352
      13.2054    0.0128034
      13.2317    0.0128725
      13.2580    0.0129433
      13.2843    0.0130187
      13.3107    0.0130994
      13.3372    0.0131825
      13.3637    0.0132667
      13.3903    0.0133518
      13.4169    0.0134374
      13.4436    0.0135234
      13.4703    0.0136096
      13.4971    0.0136951
      13.5239    0.0137796
      13.5508    0.0138639
      13.5777    0.0139485
      13.6047    0.0140336
      13.6318    0.0141193
      13.6589    0.0142059
      13.6860    0.0142943
      13.7133    0.0143868
      13.7405    0.0144864
      13.7678    0.0145898
      13.7952    0.0146950
      13.8226    0.0148013
      13.8501    0.0149085
      13.8776    0.0150163
      13.9052    0.0151244
      13.9329    0.0152318
      13.9606    0.0153365
      13.9883    0.0154393
      14.0161    0.0155419
      14.0440    0.0156448
      14.0719    0.0157483
      14.0999    0.0158526
      14.1279    0.0159577
      14.1560    0.0160640
      14.1842    0.0161727
      14.2124    0.0162845
      14.2406    0.0163980
      14.2689    0.0165127
      14.2973    0.0166283
      14.3257    0.0167447
      14.3542    0.0168618
      14.3827    0.0169793
      14.4113    0.0170964
      14.4400    0.0172110
      14.4687    0.0173234
      14.4975    0.0174355
      14.5263    0.0175480
      14.5552    0.0176611
      14.5841    0.0177748
      14.6131    0.0178892
      14.6421    0.0180039
      14.6713    0.0181186
      14.7004    0.0182321
      14.7296    0.0183450
      14.7589    0.0184581
      14.7883    0.0185718
      14.8177    0.0186860
      14.8471    0.0188009
      14.8766    0.0189162
      14.9062    0.0190315
      14.9359    0.0191453
      14.9656    0.0192550
      14.9953    0.0193622
      15.0251    0.0194690
      15.0550    0.0195760
      15.0849    0.0196834
      15.1149    0.0197914
      15.1450    0.0198997
      15.1751    0.0200080
      15.2052    0.0201152
      15.2355    0.0202188
      15.2658    0.0203198
      15.2961    0.0204204
      15.3265    0.0205211
      15.3570    0.0206221
      15.3875    0.0207235
      15.4181    0.0208252
      15.4488    0.0209267
      15.4795    0.0210269
      15.5103    0.0211223
      15.5411    0.0212126
      15.5720    0.0213012
      15.6030    0.0213896
      15.6340    0.0214780
      15.6650    0.0215667
      15.6962    0.0216557
      15.7274    0.0217448
      15.7587    0.0218334
      15.7900    0.0219203
      15.8214    0.0220035
      15.8528    0.0220848
      15.8844    0.0221658
      15.9159    0.0222468
      15.9476    0.0223279
      15.9793    0.0224093
      16.0110    0.0224909
      16.0429    0.0225725
      16.0748    0.0226533
      16.1067    0.0227314
      16.1388    0.0228064
      16.1708    0.0228802
      16.2030    0.0229539
      16.2352    0.0230277
      16.2675    0.0231016
      16.2998    0.0231758
      16.3322    0.0232501
      16.3647    0.0233246
      16.3972    0.0233991
      16.4298    0.0234731
      16.4625    0.0235468
      16.4952    0.0236204
      16.5280    0.0236942
      16.5609    0.0237682
      16.5938    0.0238424
      16.6268    0.0239169
      16.6598    0.0239918
      16.6930    0.0240674
      16.7262    0.0241446
      16.7594    0.0242256
      16.7927    0.0243102
      16.8261    0.0243963
      16.8596    0.0244831
      16.8931    0.0245704
      16.9267    0.0246580
      16.9603    0.0247461
      16.9940    0.0248347
      17.0278    0.0249246
      17.0617    0.0250174
      17.0956    0.0251180
      17.1296    0.0252284
      17.1636    0.0253430
      17.1978    0.0254593
      17.2320    0.0255766
      17.2662    0.0256946
      17.3005    0.0258132
      17.3349    0.0259325
      17.3694    0.0260528
      17.4039    0.0261752
      17.4385    0.0263026
      17.4732    0.0264398
      17.5079    0.0265831
      17.5427    0.0267290
      17.5776    0.0268762
      17.6126    0.0270245
      17.6476    0.0271737
      17.6827    0.0273241
      17.7178    0.0274761
      17.7530    0.0276318
      17.7883    0.0277964
      17.8237    0.0279857
      17.8591    0.0282093
      17.8946    0.0284483
      17.9302    0.0286940
      17.9659    0.0289433
      18.0016    0.0291953
      18.0374    0.0294496
      18.0732    0.0297061
      18.1092    0.0299648
      18.1452    0.0302257
      18.1812    0.0304890
      18.2174    0.0307548
      18.2536    0.0310233
      18.2899    0.0312943
      18.3263    0.0315676
      18.3627    0.0318432
      18.3992    0.0321212
      18.4358    0.0324017
      18.4724    0.0326850
      18.5092    0.0329719
      18.5460    0.0332648
      18.5828    0.0335710
      18.6198    0.0339118
      18.6568    0.0343000
      18.6939    0.0347109
      18.7311    0.0351330
      18.7683    0.0355623
      18.8056    0.0359976
      18.8430    0.0364385
      18.8804    0.0368847
      18.9180    0.0373359
      18.9556    0.0377910
      18.9933    0.0382470
      19.0310    0.0386940
      19.0689    0.0391152
      19.1068    0.0395229
      19.1448    0.0399287
      19.1828    0.0403367
      19.2210    0.0407483
      19.2592    0.0411640
      19.2975    0.0415840
      19.3358    0.0420084
      19.3743    0.0424374
      19.4128    0.0428712
      19.4514    0.0433103
      19.4901    0.0437559
      19.5288    0.0442091
      19.5676    0.0446685
      19.6065    0.0451335
      19.6455    0.0456039
      19.6846    0.0460797
      19.7237    0.0465608
      19.7629    0.0470472
      19.8022    0.0475388
      19.8416    0.0480350
      19.8810    0.0485338
      19.9206    0.0490296
      19.9602    0.0495059
      19.9998    0.0499566
      20.0396    0.0503996
      20.0795    0.0508424
      20.1194    0.0512876
      20.1594    0.0517360
      20.1994    0.0521879
      20.2396    0.0526433
      20.2798    0.0531018
      20.3202    0.0535621
      20.3606    0.0540208
      20.4010    0.0544671
      20.4416    0.0548692
      20.4822    0.0551982
      20.5229    0.0554941
      20.5638    0.0557782
      20.6046    0.0560577
      20.6456    0.0563350
      20.6866    0.0566109
      20.7278    0.0568852
      20.7690    0.0571575
      20.8103    0.0574257
      20.8517    0.0576845
      20.8931    0.0579175
      20.9346    0.0580763
      20.9763    0.0580498
      21.0180    0.0578773
      21.0597    0.0576539
      21.1016    0.0574132
      21.1436    0.0571662
      21.1856    0.0569168
      21.2277    0.0566661
      21.2699    0.0564143
      21.3122    0.0561604
      21.3546    0.0559018
      21.3970    0.0556300
      21.4396    0.0553203
      21.4822    0.0548998
      21.5249    0.0542376
      21.5677    0.0534346
      21.6106    0.0525936
      21.6535    0.0517490
      21.6966    0.0509121
      21.7397    0.0500863
      21.7829    0.0492727
      21.8263    0.0484716
      21.8696    0.0476827
      21.9131    0.0469057
      21.9567    0.0461396
      22.0003    0.0453819
      22.0441    0.0446263
      22.0879    0.0438587
      22.1318    0.0430865
      22.1758    0.0423218
      22.2199    0.0415688
      22.2641    0.0408286
      22.3083    0.0401013
      22.3527    0.0393871
      22.3971    0.0386854
      22.4417    0.0379962
      22.4863    0.0373187
      22.5310    0.0366520
      22.5758    0.0359931
      22.6207    0.0353342
      22.6656    0.0346533
      22.7107    0.0339348
      22.7558    0.0332099
      22.8011    0.0324934
      22.8464    0.0317902
      22.8918    0.0311014
      22.9373    0.0304274
      22.9830    0.0297680
      23.0286    0.0291230
      23.0744    0.0284921
      23.1203    0.0278754
      23.1663    0.0272733
      23.2123    0.0266881
      23.2585    0.0261264
      23.3047    0.0256077
      23.3510    0.0251383
      23.3975    0.0246928
      23.4440    0.0242603
      23.4906    0.0238370
      23.5373    0.0234217
      23.5841    0.0230138
      23.6310    0.0226131
      23.6780    0.0222194
      23.7250    0.0218325
      23.7722    0.0214522
      23.8195    0.0210781
      23.8668    0.0207093
      23.9143    0.0203435
      23.9618    0.0199741
      24.0094    0.0195932
      24.0572    0.0192109
      24.1050    0.0188332
      24.1529    0.0184620
      24.2010    0.0180977
      24.2491    0.0177406
      24.2973    0.0173905
      24.3456    0.0170473
      24.3940    0.0167108
      24.4425    0.0163812
      24.4911    0.0160583
      24.5398    0.0157428
      24.5885    0.0154360
      24.6374    0.0151428
      24.6864    0.0148765
      24.7355    0.0146401
      24.7847    0.0144171
      24.8339    0.0142008
      24.8833    0.0139887
      24.9328    0.0137802
      24.9823    0.0135748
      25.0320    0.0133726
      25.0818    0.0131734
      25.1317    0.0129772
      25.1816    0.0127838
      25.2317    0.0125934
      25.2818    0.0124056
      25.3321    0.0122206
      25.3825    0.0120378
      25.4329    0.0118564
      25.4835    0.0116759
      25.5341    0.0114973
      25.5849    0.0113212
      25.6358    0.0111477
      25.6868    0.0109768
      25.7378    0.0108086
      25.7890    0.0106429
      25.8403    0.0104797
      25.8916    0.0103191
      25.9431    0.0101609
      25.9947    0.0100052
      26.0464   0.00985196
      26.0981   0.00970148
      26.1500   0.00955441
      26.2020   0.00941280
      26.2541   0.00928149
      26.3063   0.00915863
      26.3586   0.00903966
      26.4110   0.00892300
      26.4635   0.00880810
      26.5161   0.00869475
      26.5688   0.00858289
      26.6217   0.00847248
      26.6746   0.00836349
      26.7276   0.00825590
      26.7808   0.00814969
      26.8340   0.00804487
      26.8874   0.00794142
      26.9408   0.00783942
      26.9944   0.00773905
      27.0480   0.00764091
      27.1018   0.00754653
      27.1557   0.00745565
      27.2097   0.00736668
      27.2638   0.00727905
      27.3180   0.00719255
      27.3723   0.00710711
      27.4267   0.00702269
      27.4812   0.00693927
      27.5359   0.00685685
      27.5906   0.00677540
      27.6455   0.00669492
      27.7004   0.00661540
      27.7555   0.00653684
      27.8107   0.00645924
      27.8660   0.00638267
      27.9214   0.00630730
      27.9769   0.00623370
      28.0325   0.00616278
      28.0882   0.00609367
      28.1441   0.00602569
      28.2000   0.00595857
      28.2561   0.00589224
      28.3123   0.00582666
      28.3685   0.00576181
      28.4249   0.00569769
      28.4815   0.00563427
      28.5381   0.00557157
      28.5948   0.00550956
      28.6517   0.00544825
      28.7086   0.00538763
      28.7657   0.00532774
      28.8229   0.00526867
      28.8802   0.00521068
      28.9376   0.00515459
      28.9951   0.00510218
      29.0528   0.00505251
      29.1105   0.00500408
      29.1684   0.00495635
      29.2264   0.00490917
      29.2845   0.00486246
      29.3427   0.00481621
      29.4011   0.00477040
      29.4595   0.00472502
      29.5181   0.00468008
      29.5768   0.00463556
      29.6356   0.00459147
      29.6945   0.00454779
      29.7535   0.00450453
      29.8127   0.00446167
      29.8720   0.00441921
      29.9314   0.00437710
      29.9909   0.00433525
      30.0505   0.00429350
      30.1102   0.00425199
      30.1701   0.00421083
      30.2301   0.00417005
      30.2902   0.00412966
      30.3504   0.00408966
      30.4107   0.00405004
      30.4712   0.00401081
      30.5318   0.00397196
      30.5925   0.00393348
      30.6533   0.00389537
      30.7142   0.00385764
      30.7753   0.00382027
      30.8365   0.00378328
      30.8978   0.00374667
      30.9592   0.00371050
      31.0208   0.00367493
      31.0824   0.00364043
      31.1442   0.00360827
      31.2061   0.00357847
      31.2682   0.00354967
      31.3303   0.00352136
      31.3926   0.00349335
      31.4550   0.00346559
      31.5176   0.00343807
      31.5802   0.00341077
      31.6430   0.00338368
      31.7059   0.00335681
      31.7690   0.00333016
      31.8321   0.00330371
      31.8954   0.00327748
      31.9588   0.00325145
      32.0224   0.00322563
      32.0860   0.00320001
      32.1498   0.00317459
      32.2137   0.00314934
      32.2778   0.00312423
      32.3419   0.00309913
      32.4062   0.00307400
      32.4707   0.00304897
      32.5352   0.00302411
      32.5999   0.00299944
      32.6647   0.00297498
      32.7297   0.00295071
      32.7947   0.00292663
      32.8599   0.00290276
      32.9253   0.00287908
      32.9907   0.00285559
      33.0563   0.00283229
      33.1220   0.00280918
      33.1879   0.00278626
      33.2538   0.00276353
      33.3200   0.00274099
      33.3862   0.00271865
      33.4526   0.00269651
      33.5191   0.00267465
      33.5857   0.00265323
      33.6525   0.00263274
      33.7194   0.00261327
      33.7864   0.00259426
      33.8536   0.00257551
      33.9209   0.00255692
      33.9883   0.00253848
      34.0559   0.00252018
      34.1236   0.00250201
      34.1915   0.00248397
      34.2594   0.00246606
      34.3276   0.00244828
      34.3958   0.00243063
      34.4642   0.00241310
      34.5327   0.00239571
      34.6014   0.00237843
      34.6702   0.00236129
      34.7391   0.00234426
      34.8081   0.00232736
      34.8773   0.00231059
      34.9467   0.00229396
      35.0162   0.00227750
      35.0858   0.00226129
      35.1555   0.00224531
      35.2254   0.00222947
      35.2954   0.00221375
      35.3656   0.00219815
      35.4359   0.00218266
      35.5064   0.00216728
      35.5770   0.00215201
      35.6477   0.00213685
      35.7186   0.00212179
      35.7896   0.00210684
      35.8607   0.00209200
      35.9320   0.00207726
      36.0035   0.00206262
      36.0751   0.00204809
      36.1468   0.00203366
      36.2186   0.00201933
      36.2906   0.00200510
      36.3628   0.00199099
      36.4351   0.00197699
      36.5075   0.00196315
      36.5801   0.00194960
      36.6528   0.00193647
      36.7257   0.00192359
      36.7987   0.00191086
      36.8719   0.00189823
      36.9452   0.00188569
      37.0186   0.00187323
      37.0922   0.00186086
      37.1660   0.00184857
      37.2398   0.00183636
      37.3139   0.00182423
      37.3881   0.00181218
      37.4624   0.00180021
      37.5369   0.00178832
      37.6115   0.00177650
      37.6863   0.00176477
      37.7612   0.00175311
      37.8363   0.00174153
      37.9115   0.00173003
      37.9869   0.00171861
      38.0624   0.00170727
      38.1381   0.00169603
      38.2139   0.00168493
      38.2898   0.00167412
      38.3660   0.00166358
      38.4422   0.00165320
      38.5187   0.00164290
      38.5953   0.00163268
      38.6720   0.00162253
      38.7489   0.00161243
      38.8259   0.00160241
      38.9031   0.00159244
      38.9804   0.00158254
      39.0579   0.00157269
      39.1356   0.00156292
      39.2134   0.00155319
      39.2914   0.00154354
      39.3695   0.00153394
      39.4477   0.00152440
      39.5262   0.00151492
      39.6047   0.00150550
      39.6835   0.00149613
      39.7624   0.00148683
      39.8414   0.00147758
      39.9206   0.00146840
      40.0000   0.00145928
      48.0830  0.000859755
      57.7993  0.000538346
      69.4791  0.000348937
      83.5190  0.000230926
      100.396  0.000155122
      120.684  0.000105298
      145.071  7.18312e-05
      174.386  4.92786e-05
      209.624  3.39040e-05
      251.984  2.33543e-05
      302.904  1.60962e-05
      364.113  1.11121e-05
      437.691  7.67129e-06
      526.137  5.29762e-06
      632.456  3.65762e-06
      760.259  2.52531e-06
      913.887  1.74354e-06
      1098.56  1.20379e-06
      1320.55  8.31126e-07
      1587.40  5.73831e-07
      1908.17  3.96188e-07
      2293.77  2.73538e-07
      2757.28  1.88858e-07
      3314.45  1.30392e-07
      3984.22  9.00263e-08
      4789.33  6.21565e-08
      5757.13  4.29145e-08
      6920.50  2.96293e-08
      8318.95  2.04568e-08
      10000.0  1.41239e-08
