        1060     1.5    3.71
     0.200000     0.436340
     0.223361     0.163091
     0.249451    0.0948717
     0.278589    0.0589572
     0.311129    0.0433641
     0.347471    0.0321254
     0.388058    0.0234031
     0.433385    0.0193652
     0.484008    0.0162484
     0.540542    0.0117169
     0.603681    0.0103552
     0.674195   0.00803514
     0.752945   0.00992543
     0.840893   0.00789863
     0.939115   0.00671403
      1.04881   0.00665122
      1.17132   0.00694684
      1.30813   0.00680520
      1.46093   0.00736985
      1.63158   0.00797761
      1.82215   0.00961474
      2.03499    0.0113725
      2.27269    0.0130149
      2.53816    0.0161475
      2.83463    0.0194633
      3.16573    0.0245652
      3.53551    0.0290434
      3.94847    0.0389141
      4.40968    0.0473440
      4.92476    0.0630343
      5.50000    0.0860074
      5.51093    0.0864447
      5.52189    0.0868822
      5.53287    0.0873196
      5.54387    0.0877568
      5.55489    0.0881940
      5.56593    0.0886308
      5.57700    0.0890665
      5.58809    0.0894998
      5.59920    0.0899327
      5.61033    0.0903694
      5.62148    0.0908169
      5.63266    0.0912717
      5.64386    0.0917283
      5.65508    0.0921841
      5.66632    0.0926376
      5.67759    0.0930840
      5.68887    0.0935136
      5.70018    0.0939346
      5.71151    0.0943608
      5.72287    0.0948080
      5.73425    0.0952707
      5.74565    0.0957406
      5.75707    0.0962177
      5.76852    0.0966979
      5.77998    0.0971738
      5.79148    0.0976340
      5.80299    0.0980823
      5.81453    0.0985297
      5.82609    0.0989846
      5.83767    0.0994471
      5.84928    0.0999135
      5.86090     0.100383
      5.87256     0.100857
      5.88423     0.101333
      5.89593     0.101813
      5.90765     0.102297
      5.91940     0.102784
      5.93116     0.103274
      5.94296     0.103768
      5.95477     0.104264
      5.96661     0.104761
      5.97847     0.105260
      5.99036     0.105763
      6.00227     0.106273
      6.01420     0.106796
      6.02616     0.107328
      6.03814     0.107859
      6.05014     0.108380
      6.06217     0.108895
      6.07422     0.109412
      6.08630     0.109938
      6.09840     0.110474
      6.11052     0.111016
      6.12267     0.111566
      6.13484     0.112123
      6.14704     0.112686
      6.15926     0.113249
      6.17151     0.113811
      6.18378     0.114373
      6.19607     0.114940
      6.20839     0.115512
      6.22073     0.116090
      6.23310     0.116675
      6.24549     0.117272
      6.25791     0.117882
      6.27035     0.118500
      6.28281     0.119120
      6.29530     0.119743
      6.30782     0.120370
      6.32036     0.121004
      6.33293     0.121652
      6.34552     0.122310
      6.35813     0.122971
      6.37077     0.123626
      6.38344     0.124274
      6.39613     0.124924
      6.40884     0.125589
      6.42159     0.126281
      6.43435     0.126989
      6.44715     0.127705
      6.45996     0.128425
      6.47281     0.129149
      6.48567     0.129880
      6.49857     0.130620
      6.51149     0.131376
      6.52443     0.132140
      6.53741     0.132910
      6.55040     0.133682
      6.56343     0.134457
      6.57647     0.135240
      6.58955     0.136036
      6.60265     0.136849
      6.61578     0.137674
      6.62893     0.138506
      6.64211     0.139343
      6.65531     0.140185
      6.66854     0.141037
      6.68180     0.141908
      6.69509     0.142807
      6.70840     0.143721
      6.72173     0.144643
      6.73510     0.145566
      6.74849     0.146491
      6.76190     0.147424
      6.77535     0.148371
      6.78882     0.149338
      6.80231     0.150321
      6.81584     0.151318
      6.82939     0.152334
      6.84296     0.153371
      6.85657     0.154422
      6.87020     0.155485
      6.88386     0.156562
      6.89754     0.157652
      6.91126     0.158752
      6.92500     0.159863
      6.93877     0.160984
      6.95256     0.162117
      6.96638     0.163264
      6.98023     0.164434
      6.99411     0.165628
      7.00801     0.166839
      7.02195     0.168066
      7.03591     0.169313
      7.04989     0.170577
      7.06391     0.171858
      7.07795     0.173156
      7.09203     0.174478
      7.10613     0.175819
      7.12025     0.177176
      7.13441     0.178549
      7.14859     0.179941
      7.16281     0.181349
      7.17705     0.182775
      7.19131     0.184226
      7.20561     0.185706
      7.21994     0.187207
      7.23429     0.188731
      7.24867     0.190292
      7.26308     0.191887
      7.27752     0.193506
      7.29199     0.195147
      7.30649     0.196814
      7.32101     0.198506
      7.33557     0.200220
      7.35015     0.201958
      7.36477     0.203728
      7.37941     0.205526
      7.39408     0.207347
      7.40878     0.209196
      7.42351     0.211079
      7.43827     0.212991
      7.45305     0.214930
      7.46787     0.216899
      7.48272     0.218912
      7.49760     0.220958
      7.51250     0.223032
      7.52744     0.225133
      7.54240     0.227266
      7.55740     0.229428
      7.57242     0.231619
      7.58748     0.233848
      7.60256     0.236129
      7.61768     0.238451
      7.63282     0.240807
      7.64800     0.243200
      7.66320     0.245644
      7.67844     0.248130
      7.69370     0.250654
      7.70900     0.253223
      7.72432     0.255861
      7.73968     0.258555
      7.75507     0.261291
      7.77048     0.264073
      7.78593     0.266915
      7.80141     0.269812
      7.81692     0.272752
      7.83246     0.275739
      7.84803     0.278785
      7.86364     0.281891
      7.87927     0.285045
      7.89494     0.288248
      7.91063     0.291519
      7.92636     0.294863
      7.94212     0.298262
      7.95791     0.301713
      7.97373     0.305228
      7.98958     0.308818
      8.00546     0.312468
      8.02138     0.316174
      8.03733     0.319946
      8.05331     0.323808
      8.06932     0.327743
      8.08536     0.331739
      8.10143     0.335804
      8.11754     0.339962
      8.13368     0.344208
      8.14985     0.348522
      8.16605     0.352906
      8.18229     0.357380
      8.19855     0.361955
      8.21485     0.366610
      8.23118     0.371346
      8.24755     0.376195
      8.26395     0.381213
      8.28037     0.386355
      8.29684     0.391589
      8.31333     0.396917
      8.32986     0.402370
      8.34642     0.407946
      8.36301     0.413617
      8.37964     0.419385
      8.39630     0.425277
      8.41299     0.431323
      8.42972     0.437489
      8.44648     0.443758
      8.46327     0.450142
      8.48009     0.456681
      8.49695     0.463367
      8.51385     0.470169
      8.53077     0.477087
      8.54773     0.484151
      8.56473     0.491394
      8.58175     0.498776
      8.59882     0.506284
      8.61591     0.513928
      8.63304     0.521755
      8.65020     0.529762
      8.66740     0.537910
      8.68463     0.546195
      8.70190     0.554643
      8.71920     0.563298
      8.73653     0.572122
      8.75390     0.581094
      8.77131     0.590217
      8.78874     0.599526
      8.80622     0.609037
      8.82372     0.618717
      8.84127     0.628565
      8.85884     0.638618
      8.87646     0.648981
      8.89410     0.659627
      8.91179     0.670476
      8.92950     0.681508
      8.94726     0.692736
      8.96504     0.704197
      8.98287     0.715863
      9.00073     0.727712
      9.01862     0.739742
      9.03655     0.751965
      9.05452     0.764397
      9.07252     0.777019
      9.09055     0.789820
      9.10863     0.802791
      9.12673     0.815912
      9.14488     0.829183
      9.16306     0.842656
      9.18128     0.856424
      9.19953     0.870751
      9.21782     0.886371
      9.23615     0.903365
      9.25451     0.921028
      9.27291     0.939090
      9.29134     0.957446
      9.30982     0.976009
      9.32832     0.994771
      9.34687      1.01376
      9.36545      1.03294
      9.38407      1.05214
      9.40273      1.07088
      9.42142      1.08923
      9.44015      1.10761
      9.45892      1.12610
      9.47773      1.14468
      9.49657      1.16311
      9.51545      1.18143
      9.53436      1.19979
      9.55332      1.21810
      9.57231      1.23592
      9.59134      1.25201
      9.61041      1.26640
      9.62952      1.28021
      9.64866      1.29373
      9.66784      1.30673
      9.68707      1.31816
      9.70632      1.32781
      9.72562      1.33684
      9.74496      1.34566
      9.76433      1.35439
      9.78374      1.36295
      9.80319      1.37129
      9.82268      1.37952
      9.84221      1.38761
      9.86178      1.39533
      9.88139      1.40189
      9.90103      1.40627
      9.92072      1.40956
      9.94044      1.41249
      9.96020      1.41522
      9.98000      1.41767
      9.99984      1.41955
      10.0197      1.42103
      10.0396      1.42234
      10.0596      1.42351
      10.0796      1.42434
      10.0996      1.42429
      10.1197      1.42327
      10.1398      1.42188
      10.1600      1.42032
      10.1802      1.41857
      10.2004      1.41635
      10.2207      1.41330
      10.2410      1.40983
      10.2614      1.40620
      10.2818      1.40241
      10.3022      1.39825
      10.3227      1.39318
      10.3432      1.38731
      10.3638      1.38117
      10.3844      1.37488
      10.4051      1.36840
      10.4257      1.36138
      10.4465      1.35344
      10.4672      1.34510
      10.4881      1.33662
      10.5089      1.32804
      10.5298      1.31927
      10.5507      1.30999
      10.5717      1.30023
      10.5927      1.29031
      10.6138      1.28031
      10.6349      1.27015
      10.6560      1.25954
      10.6772      1.24791
      10.6984      1.23576
      10.7197      1.22346
      10.7410      1.21117
      10.7624      1.19890
      10.7838      1.18668
      10.8052      1.17452
      10.8267      1.16241
      10.8482      1.15035
      10.8698      1.13829
      10.8914      1.12616
      10.9130      1.11366
      10.9347      1.10081
      10.9565      1.08789
      10.9783      1.07503
      11.0001      1.06230
      11.0220      1.04982
      11.0439      1.03789
      11.0658      1.02640
      11.0878      1.01510
      11.1099      1.00393
      11.1320     0.992852
      11.1541     0.981883
      11.1763     0.971058
      11.1985     0.960357
      11.2207     0.949756
      11.2430     0.939257
      11.2654     0.928895
      11.2878     0.918782
      11.3102     0.909146
      11.3327     0.899836
      11.3553     0.890676
      11.3778     0.881612
      11.4004     0.872633
      11.4231     0.863755
      11.4458     0.855018
      11.4686     0.846393
      11.4914     0.837834
      11.5142     0.829303
      11.5371     0.820710
      11.5601     0.811792
      11.5830     0.801930
      11.6061     0.791378
      11.6291     0.780667
      11.6523     0.769950
      11.6754     0.759203
      11.6986     0.748198
      11.7219     0.736272
      11.7452     0.723471
      11.7685     0.710505
      11.7920     0.697631
      11.8154     0.684944
      11.8389     0.672521
      11.8624     0.660525
      11.8860     0.649046
      11.9096     0.637861
      11.9333     0.626844
      11.9570     0.615871
      11.9808     0.604648
      12.0046     0.592309
      12.0285     0.577430
      12.0524     0.561377
      12.0764     0.545257
      12.1004     0.529420
      12.1244     0.513992
      12.1485     0.499070
      12.1727     0.484846
      12.1969     0.471303
      12.2211     0.458228
      12.2454     0.445556
      12.2698     0.433291
      12.2942     0.421539
      12.3186     0.410646
      12.3431     0.401091
      12.3677     0.392282
      12.3922     0.383840
      12.4169     0.375659
      12.4416     0.367755
      12.4663     0.360290
      12.4911     0.353754
      12.5159     0.348201
      12.5408     0.343048
      12.5657     0.338080
      12.5907     0.333242
      12.6157     0.328559
      12.6408     0.324166
      12.6659     0.320374
      12.6911     0.317005
      12.7164     0.313802
      12.7416     0.310698
      12.7670     0.307709
      12.7924     0.304969
      12.8178     0.302910
      12.8433     0.302167
      12.8688     0.302092
      12.8944     0.302236
      12.9200     0.302455
      12.9457     0.302709
      12.9714     0.302998
      12.9972     0.303369
      13.0231     0.303867
      13.0490     0.304425
      13.0749     0.305007
      13.1009     0.305607
      13.1270     0.306232
      13.1531     0.306926
      13.1792     0.307820
      13.2054     0.309020
      13.2317     0.310353
      13.2580     0.311737
      13.2843     0.313143
      13.3107     0.314566
      13.3372     0.316010
      13.3637     0.317494
      13.3903     0.319038
      13.4169     0.320613
      13.4436     0.322205
      13.4703     0.323805
      13.4971     0.325403
      13.5239     0.326973
      13.5508     0.328429
      13.5777     0.329653
      13.6047     0.330763
      13.6318     0.331840
      13.6589     0.332911
      13.6860     0.333986
      13.7133     0.335070
      13.7405     0.336178
      13.7678     0.337337
      13.7952     0.338533
      13.8226     0.339743
      13.8501     0.340960
      13.8776     0.342169
      13.9052     0.343343
      13.9329     0.344388
      13.9606     0.345042
      13.9883     0.345250
      14.0161     0.345298
      14.0440     0.345296
      14.0719     0.345281
      14.0999     0.345267
      14.1279     0.345268
      14.1560     0.345317
      14.1842     0.345466
      14.2124     0.345669
      14.2406     0.345891
      14.2689     0.346123
      14.2973     0.346364
      14.3257     0.346627
      14.3542     0.346953
      14.3827     0.347459
      14.4113     0.348178
      14.4400     0.348980
      14.4687     0.349810
      14.4975     0.350653
      14.5263     0.351506
      14.5552     0.352370
      14.5841     0.353261
      14.6131     0.354215
      14.6421     0.355217
      14.6713     0.356239
      14.7004     0.357277
      14.7296     0.358338
      14.7589     0.359455
      14.7883     0.360740
      14.8177     0.362535
      14.8471     0.365462
      14.8766     0.369065
      14.9062     0.372918
      14.9359     0.376883
      14.9656     0.380918
      14.9953     0.385018
      15.0251     0.389207
      15.0550     0.393573
      15.0849     0.398259
      15.1149     0.403145
      15.1450     0.408140
      15.1751     0.413215
      15.2052     0.418366
      15.2355     0.423607
      15.2658     0.428986
      15.2961     0.434658
      15.3265     0.440901
      15.3570     0.447518
      15.3875     0.454327
      15.4181     0.461269
      15.4488     0.468325
      15.4795     0.475486
      15.5103     0.482738
      15.5411     0.490038
      15.5720     0.497286
      15.6030     0.504521
      15.6340     0.511820
      15.6650     0.519211
      15.6962     0.526699
      15.7274     0.534276
      15.7587     0.541908
      15.7900     0.549479
      15.8214     0.556644
      15.8528     0.563303
      15.8844     0.569820
      15.9159     0.576340
      15.9476     0.582909
      15.9793     0.589539
      16.0110     0.596222
      16.0429     0.602913
      16.0748     0.609470
      16.1067     0.615649
      16.1388     0.621645
      16.1708     0.627618
      16.2030     0.633623
      16.2352     0.639674
      16.2675     0.645771
      16.2998     0.651898
      16.3322     0.657995
      16.3647     0.663881
      16.3972     0.669473
      16.4298     0.674978
      16.4625     0.680483
      16.4952     0.686017
      16.5280     0.691585
      16.5609     0.697182
      16.5938     0.702779
      16.6268     0.708279
      16.6598     0.713429
      16.6930     0.718259
      16.7262     0.722997
      16.7594     0.727722
      16.7927     0.732460
      16.8261     0.737216
      16.8596     0.741978
      16.8931     0.746711
      16.9267     0.751294
      16.9603     0.755432
      16.9940     0.759214
      17.0278     0.762884
      17.0617     0.766525
      17.0956     0.770161
      17.1296     0.773796
      17.1636     0.777418
      17.1978     0.780981
      17.2320     0.784339
      17.2662     0.787111
      17.3005     0.789362
      17.3349     0.791433
      17.3694     0.793440
      17.4039     0.795422
      17.4385     0.797387
      17.4732     0.799329
      17.5079     0.801219
      17.5427     0.802966
      17.5776     0.804290
      17.6126     0.805089
      17.6476     0.805684
      17.6827     0.806206
      17.7178     0.806694
      17.7530     0.807161
      17.7883     0.807603
      17.8237     0.807997
      17.8591     0.808270
      17.8946     0.808191
      17.9302     0.807381
      17.9659     0.806170
      18.0016     0.804823
      18.0374     0.803424
      18.0732     0.802000
      18.1092     0.800559
      18.1452     0.799097
      18.1812     0.797598
      18.2174     0.796007
      18.2536     0.794162
      18.2899     0.792008
      18.3263     0.789735
      18.3627     0.787423
      18.3992     0.785096
      18.4358     0.782761
      18.4724     0.780420
      18.5092     0.778069
      18.5460     0.775695
      18.5828     0.773254
      18.6198     0.770634
      18.6568     0.767855
      18.6939     0.765026
      18.7311     0.762183
      18.7683     0.759339
      18.8056     0.756496
      18.8430     0.753655
      18.8804     0.750816
      18.9180     0.747970
      18.9556     0.745100
      18.9933     0.742153
      19.0310     0.739143
      19.0689     0.736117
      19.1068     0.733090
      19.1448     0.730068
      19.1828     0.727053
      19.2210     0.724046
      19.2592     0.721048
      19.2975     0.718066
      19.3358     0.715113
      19.3743     0.712237
      19.4128     0.709444
      19.4514     0.706687
      19.4901     0.703947
      19.5288     0.701218
      19.5676     0.698500
      19.6065     0.695791
      19.6455     0.693097
      19.6846     0.690430
      19.7237     0.687825
      19.7629     0.685400
      19.8022     0.683303
      19.8416     0.681364
      19.8810     0.679478
      19.9206     0.677612
      19.9602     0.675755
      19.9998     0.673904
      20.0396     0.672061
      20.0795     0.670232
      20.1194     0.668439
      20.1594     0.666750
      20.1994     0.665361
      20.2396     0.664292
      20.2798     0.663338
      20.3202     0.662421
      20.3606     0.661517
      20.4010     0.660618
      20.4416     0.659722
      20.4822     0.658830
      20.5229     0.657947
      20.5638     0.657092
      20.6046     0.656320
      20.6456     0.655772
      20.6866     0.655412
      20.7278     0.655115
      20.7690     0.654838
      20.8103     0.654566
      20.8517     0.654297
      20.8931     0.654027
      20.9346     0.653757
      20.9763     0.653489
      21.0180     0.653225
      21.0597     0.652977
      21.1016     0.652772
      21.1436     0.652607
      21.1856     0.652452
      21.2277     0.652299
      21.2699     0.652143
      21.3122     0.651984
      21.3546     0.651822
      21.3970     0.651654
      21.4396     0.651476
      21.4822     0.651274
      21.5249     0.651007
      21.5677     0.650543
      21.6106     0.649795
      21.6535     0.648932
      21.6966     0.648030
      21.7397     0.647115
      21.7829     0.646195
      21.8263     0.645271
      21.8696     0.644346
      21.9131     0.643419
      21.9567     0.642490
      22.0003     0.641558
      22.0441     0.640620
      22.0879     0.639669
      22.1318     0.638706
      22.1758     0.637738
      22.2199     0.636766
      22.2641     0.635790
      22.3083     0.634812
      22.3527     0.633830
      22.3971     0.632844
      22.4417     0.631851
      22.4863     0.630842
      22.5310     0.629788
      22.5758     0.628602
      22.6207     0.627107
      22.6656     0.625417
      22.7107     0.623663
      22.7558     0.621890
      22.8011     0.620112
      22.8464     0.618333
      22.8918     0.616553
      22.9373     0.614775
      22.9830     0.612995
      23.0286     0.611213
      23.0744     0.609420
      23.1203     0.607589
      23.1663     0.605659
      23.2123     0.603653
      23.2585     0.601626
      23.3047     0.599592
      23.3510     0.597560
      23.3975     0.595529
      23.4440     0.593501
      23.4906     0.591476
      23.5373     0.589453
      23.5841     0.587431
      23.6310     0.585404
      23.6780     0.583355
      23.7250     0.581233
      23.7722     0.579004
      23.8195     0.576737
      23.8668     0.574461
      23.9143     0.572186
      23.9618     0.569915
      24.0094     0.567649
      24.0572     0.565389
      24.1050     0.563134
      24.1529     0.560882
      24.2010     0.558630
      24.2491     0.556366
      24.2973     0.554051
      24.3456     0.551583
      24.3940     0.548963
      24.4425     0.546297
      24.4911     0.543624
      24.5398     0.540954
      24.5885     0.538293
      24.6374     0.535640
      24.6864     0.532997
      24.7355     0.530364
      24.7847     0.527738
      24.8339     0.525117
      24.8833     0.522488
      24.9328     0.519818
      24.9823     0.517005
      25.0320     0.514034
      25.0818     0.511017
      25.1317     0.507996
      25.1816     0.504983
      25.2317     0.501984
      25.2818     0.499000
      25.3321     0.496031
      25.3825     0.493078
      25.4329     0.490140
      25.4835     0.487220
      25.5341     0.484322
      25.5849     0.481460
      25.6358     0.478680
      25.6868     0.476047
      25.7378     0.473494
      25.7890     0.470976
      25.8403     0.468476
      25.8916     0.465991
      25.9431     0.463519
      25.9947     0.461059
      26.0464     0.458612
      26.0981     0.456176
      26.1500     0.453750
      26.2020     0.451334
      26.2541     0.448920
      26.3063     0.446489
      26.3586     0.443980
      26.4110     0.441346
      26.4635     0.438669
      26.5161     0.435989
      26.5688     0.433319
      26.6217     0.430661
      26.6746     0.428017
      26.7276     0.425388
      26.7808     0.422774
      26.8340     0.420174
      26.8874     0.417590
      26.9408     0.415020
      26.9944     0.412467
      27.0480     0.409935
      27.1018     0.407439
      27.1557     0.404996
      27.2097     0.402588
      27.2638     0.400199
      27.3180     0.397826
      27.3723     0.395467
      27.4267     0.393121
      27.4812     0.390789
      27.5359     0.388470
      27.5906     0.386164
      27.6455     0.383871
      27.7004     0.381592
      27.7555     0.379326
      27.8107     0.377074
      27.8660     0.374839
      27.9214     0.372630
      27.9769     0.370448
      28.0325     0.368283
      28.0882     0.366132
      28.1441     0.363995
      28.2000     0.361869
      28.2561     0.359755
      28.3123     0.357654
      28.3685     0.355564
      28.4249     0.353487
      28.4815     0.351420
      28.5381     0.349366
      28.5948     0.347320
      28.6517     0.345281
      28.7086     0.343236
      28.7657     0.341150
      28.8229     0.339015
      28.8802     0.336871
      28.9376     0.334733
      28.9951     0.332606
      29.0528     0.330491
      29.1105     0.328389
      29.1684     0.326301
      29.2264     0.324225
      29.2845     0.322162
      29.3427     0.320112
      29.4011     0.318076
      29.4595     0.316053
      29.5181     0.314047
      29.5768     0.312066
      29.6356     0.310135
      29.6945     0.308300
      29.7535     0.306524
      29.8127     0.304774
      29.8720     0.303038
      29.9314     0.301313
      29.9909     0.299599
      30.0505     0.297894
      30.1102     0.296200
      30.1701     0.294515
      30.2301     0.292839
      30.2902     0.291173
      30.3504     0.289516
      30.4107     0.287869
      30.4712     0.286232
      30.5318     0.284607
      30.5925     0.282997
      30.6533     0.281411
      30.7142     0.279842
      30.7753     0.278284
      30.8365     0.276736
      30.8978     0.275196
      30.9592     0.273666
      31.0208     0.272144
      31.0824     0.270630
      31.1442     0.269125
      31.2061     0.267628
      31.2682     0.266140
      31.3303     0.264661
      31.3926     0.263190
      31.4550     0.261728
      31.5176     0.260279
      31.5802     0.258850
      31.6430     0.257464
      31.7059     0.256127
      31.7690     0.254812
      31.8321     0.253509
      31.8954     0.252214
      31.9588     0.250926
      32.0224     0.249645
      32.0860     0.248370
      32.1498     0.247103
      32.2137     0.245841
      32.2778     0.244587
      32.3419     0.243338
      32.4062     0.242096
      32.4707     0.240861
      32.5352     0.239630
      32.5999     0.238401
      32.6647     0.237167
      32.7297     0.235901
      32.7947     0.234596
      32.8599     0.233279
      32.9253     0.231965
      32.9907     0.230657
      33.0563     0.229355
      33.1220     0.228060
      33.1879     0.226773
      33.2538     0.225494
      33.3200     0.224221
      33.3862     0.222956
      33.4526     0.221698
      33.5191     0.220448
      33.5857     0.219204
      33.6525     0.217969
      33.7194     0.216742
      33.7864     0.215529
      33.8536     0.214342
      33.9209     0.213212
      33.9883     0.212127
      34.0559     0.211060
      34.1236     0.210004
      34.1915     0.208954
      34.2594     0.207910
      34.3276     0.206871
      34.3958     0.205838
      34.4642     0.204810
      34.5327     0.203787
      34.6014     0.202769
      34.6702     0.201757
      34.7391     0.200749
      34.8081     0.199747
      34.8773     0.198750
      34.9467     0.197758
      35.0162     0.196772
      35.0858     0.195791
      35.1555     0.194816
      35.2254     0.193848
      35.2954     0.192885
      35.3656     0.191928
      35.4359     0.190975
      35.5064     0.190028
      35.5770     0.189085
      35.6477     0.188147
      35.7186     0.187213
      35.7896     0.186285
      35.8607     0.185361
      35.9320     0.184442
      36.0035     0.183527
      36.0751     0.182618
      36.1468     0.181712
      36.2186     0.180812
      36.2906     0.179916
      36.3628     0.179025
      36.4351     0.178139
      36.5075     0.177259
      36.5801     0.176386
      36.6528     0.175518
      36.7257     0.174654
      36.7987     0.173796
      36.8719     0.172941
      36.9452     0.172091
      37.0186     0.171245
      37.0922     0.170403
      37.1660     0.169566
      37.2398     0.168733
      37.3139     0.167904
      37.3881     0.167079
      37.4624     0.166259
      37.5369     0.165442
      37.6115     0.164630
      37.6863     0.163822
      37.7612     0.163018
      37.8363     0.162218
      37.9115     0.161425
      37.9869     0.160639
      38.0624     0.159862
      38.1381     0.159090
      38.2139     0.158321
      38.2898     0.157557
      38.3660     0.156797
      38.4422     0.156040
      38.5187     0.155288
      38.5953     0.154538
      38.6720     0.153793
      38.7489     0.153051
      38.8259     0.152314
      38.9031     0.151579
      38.9804     0.150848
      39.0579     0.150121
      39.1356     0.149398
      39.2134     0.148678
      39.2914     0.147962
      39.3695     0.147249
      39.4477     0.146541
      39.5262     0.145838
      39.6047     0.145141
      39.6835     0.144449
      39.7624     0.143761
      39.8414     0.143077
      39.9206     0.142396
      40.0000     0.141718
      48.0830    0.0923261
      57.7993    0.0616012
      69.4791    0.0417697
      83.5190    0.0286202
      100.396    0.0197164
      120.684    0.0136381
      145.071   0.00944773
      174.386   0.00655193
      209.624   0.00454781
      251.984   0.00315828
      302.904   0.00219220
      364.113   0.00152200
      437.691   0.00105684
      526.137  0.000733469
      632.456  0.000508839
      760.259  0.000353017
      913.887  0.000244919
      1098.56  0.000169890
      1320.55  0.000117866
      1587.40  8.17739e-05
      1908.17  5.67338e-05
      2293.77  3.93614e-05
      2757.28  2.73087e-05
      3314.45  1.89467e-05
      3984.22  1.31451e-05
      4789.33  9.12003e-06
      5757.13  6.32745e-06
      6920.50  4.38997e-06
      8318.95  3.04575e-06
      10000.0  2.11313e-06
