671	1.5	1.8

     0.050000000      0.99866000
     0.056101000      0.99016000
     0.062946000      0.97897000
     0.070627000      0.96414000
     0.079245000      0.94418000
     0.088914000      0.91677000
     0.099763000      0.87862000
      0.11194000      0.87349000
      0.12559000      0.89560000
      0.14092000      0.91462000
      0.15811000      0.92938000
      0.17741000      0.94007000
      0.19905000      0.94327000
      0.22334000      0.94937000
      0.25059000      0.95320000
      0.28117000      0.95096000
      0.31548000      0.94952000
      0.35397000      0.95191000
      0.39716000      0.95573000
      0.44563000      0.96205000
      0.50000000      0.97032000
      0.56101000      0.97986000
      0.62946000      0.99020000
      0.70627000       1.0049000
      0.79245000       1.0195000
      0.88914000       1.0367000
      0.99763000       1.0544000
       1.1194000       1.0728000
       1.2559000       1.0938000
       1.4092000       1.1162000
       1.5811000       1.1409000
       1.7741000       1.1660000
       1.9905000       1.1918000
       2.2334000       1.2188000
       2.5059000       1.2497000
       2.8117000       1.2796000
       3.1548000       1.3162000
       3.5397000       1.3559000
       3.9716000       1.3979000
       4.4563000       1.4448000
       5.0000000       1.5181000
       5.0500000       1.5261000
       5.1000000       1.5340000
       5.1500000       1.5418000
       5.2000000       1.5493000
       5.2500000       1.5566000
       5.3000000       1.5635000
       5.3500000       1.5704000
       5.4000000       1.5769000
       5.4500000       1.5827000
       5.5000000       1.5880000
       5.5500000       1.5926000
       5.6000000       1.5966000
       5.6500000       1.5997000
       5.7000000       1.6021000
       5.7500000       1.6039000
       5.8000000       1.6053000
       5.8500000       1.6062000
       5.9000000       1.6067000
       5.9500000       1.6067000
       6.0000000       1.6058000
       6.0500000       1.6049000
       6.1000000       1.6039000
       6.1500000       1.6030000
       6.2000000       1.6022000
       6.2500000       1.6016000
       6.3000000       1.6010000
       6.3500000       1.6004000
       6.4000000       1.6001000
       6.4500000       1.6000000
       6.5000000       1.6001000
       6.5500000       1.6004000
       6.6000000       1.6010000
       6.6500000       1.6018000
       6.7000000       1.6028000
       6.7500000       1.6039000
       6.8000000       1.6053000
       6.8500000       1.6069000
       6.9000000       1.6086000
       6.9500000       1.6106000
       7.0000000       1.6127000
       7.0500000       1.6150000
       7.1000000       1.6174000
       7.1500000       1.6199000
       7.2000000       1.6227000
       7.2500000       1.6255000
       7.3000000       1.6286000
       7.3500000       1.6317000
       7.4000000       1.6350000
       7.4500000       1.6383000
       7.5000000       1.6419000
       7.5500000       1.6455000
       7.6000000       1.6493000
       7.6500000       1.6531000
       7.7000000       1.6570000
       7.7500000       1.6610000
       7.8000000       1.6650000
       7.8500000       1.6691000
       7.9000000       1.6733000
       7.9500000       1.6776000
       8.0000000       1.6819000
       8.0500000       1.6863000
       8.1000000       1.6906000
       8.1500000       1.6950000
       8.2000000       1.6993000
       8.2500000       1.7036000
       8.3000000       1.7079000
       8.3500000       1.7121000
       8.4000000       1.7168000
       8.4500000       1.7214000
       8.5000000       1.7259000
       8.5500000       1.7303000
       8.6000000       1.7346000
       8.6500000       1.7387000
       8.7000000       1.7428000
       8.7500000       1.7468000
       8.8000000       1.7506000
       8.8500000       1.7544000
       8.9000000       1.7586000
       8.9500000       1.7625000
       9.0000000       1.7663000
       9.0500000       1.7699000
       9.1000000       1.7734000
       9.1500000       1.7767000
       9.2000000       1.7798000
       9.2500000       1.7827000
       9.3000000       1.7855000
       9.3500000       1.7881000
       9.4000000       1.7905000
       9.4500000       1.7927000
       9.5000000       1.7948000
       9.5500000       1.7967000
       9.6000000       1.7984000
       9.6500000       1.8000000
       9.7000000       1.8014000
       9.7500000       1.8026000
       9.8000000       1.8036000
       9.8500000       1.8045000
       9.9000000       1.8052000
       9.9500000       1.8059000
       10.000000       1.8065000
       10.050000       1.8069000
       10.100000       1.8071000
       10.150000       1.8071000
       10.200000       1.8070000
       10.250000       1.8068000
       10.300000       1.8063000
       10.350000       1.8057000
       10.400000       1.8049000
       10.450000       1.8040000
       10.500000       1.8026000
       10.550000       1.8007000
       10.600000       1.7986000
       10.650000       1.7962000
       10.700000       1.7936000
       10.750000       1.7908000
       10.800000       1.7877000
       10.850000       1.7844000
       10.900000       1.7808000
       10.950000       1.7770000
       11.000000       1.7730000
       11.050000       1.7687000
       11.100000       1.7643000
       11.150000       1.7600000
       11.200000       1.7555000
       11.250000       1.7508000
       11.300000       1.7460000
       11.350000       1.7409000
       11.400000       1.7356000
       11.450000       1.7302000
       11.500000       1.7245000
       11.550000       1.7186000
       11.600000       1.7126000
       11.650000       1.7063000
       11.700000       1.6999000
       11.750000       1.6932000
       11.800000       1.6860000
       11.850000       1.6785000
       11.900000       1.6708000
       11.950000       1.6629000
       12.000000       1.6548000
       12.050000       1.6464000
       12.100000       1.6379000
       12.150000       1.6291000
       12.200000       1.6201000
       12.250000       1.6109000
       12.300000       1.6015000
       12.350000       1.5919000
       12.400000       1.5822000
       12.450000       1.5723000
       12.500000       1.5622000
       12.550000       1.5520000
       12.600000       1.5417000
       12.650000       1.5313000
       12.700000       1.5208000
       12.750000       1.5101000
       12.800000       1.4993000
       12.850000       1.4885000
       12.900000       1.4776000
       12.950000       1.4666000
       13.000000       1.4555000
       13.050000       1.4443000
       13.100000       1.4331000
       13.150000       1.4219000
       13.200000       1.4107000
       13.250000       1.3995000
       13.300000       1.3883000
       13.350000       1.3770000
       13.400000       1.3657000
       13.450000       1.3544000
       13.500000       1.3430000
       13.550000       1.3317000
       13.600000       1.3204000
       13.650000       1.3091000
       13.700000       1.2978000
       13.750000       1.2865000
       13.800000       1.2752000
       13.850000       1.2640000
       13.900000       1.2527000
       13.950000       1.2414000
       14.000000       1.2299000
       14.050000       1.2184000
       14.100000       1.2069000
       14.150000       1.1956000
       14.200000       1.1842000
       14.250000       1.1730000
       14.300000       1.1617000
       14.350000       1.1506000
       14.400000       1.1395000
       14.450000       1.1285000
       14.500000       1.1175000
       14.550000       1.1067000
       14.600000       1.0959000
       14.650000       1.0852000
       14.700000       1.0746000
       14.750000       1.0640000
       14.800000       1.0535000
       14.850000       1.0431000
       14.900000       1.0328000
       14.950000       1.0226000
       15.000000       1.0126000
       15.050000       1.0026000
       15.100000      0.99272000
       15.150000      0.98297000
       15.200000      0.97332000
       15.250000      0.96379000
       15.300000      0.95437000
       15.350000      0.94506000
       15.400000      0.93586000
       15.450000      0.92676000
       15.500000      0.91778000
       15.550000      0.90891000
       15.600000      0.90015000
       15.650000      0.89187000
       15.700000      0.88372000
       15.750000      0.87567000
       15.800000      0.86772000
       15.850000      0.85987000
       15.900000      0.85211000
       15.950000      0.84445000
       16.000000      0.83689000
       16.050000      0.82942000
       16.100000      0.82204000
       16.150000      0.81475000
       16.200000      0.80756000
       16.250000      0.80045000
       16.300000      0.79344000
       16.350000      0.78651000
       16.400000      0.77967000
       16.450000      0.77292000
       16.500000      0.76625000
       16.550000      0.75935000
       16.600000      0.75237000
       16.650000      0.74548000
       16.700000      0.73868000
       16.750000      0.73195000
       16.800000      0.72531000
       16.850000      0.71875000
       16.900000      0.71228000
       16.950000      0.70588000
       17.000000      0.69956000
       17.050000      0.69331000
       17.100000      0.68715000
       17.150000      0.68106000
       17.200000      0.67505000
       17.250000      0.66911000
       17.300000      0.66324000
       17.350000      0.65745000
       17.400000      0.65173000
       17.450000      0.64607000
       17.500000      0.64064000
       17.550000      0.63557000
       17.600000      0.63058000
       17.650000      0.62565000
       17.700000      0.62079000
       17.750000      0.61599000
       17.800000      0.61126000
       17.850000      0.60660000
       17.900000      0.60199000
       17.950000      0.59745000
       18.000000      0.59296000
       18.050000      0.58854000
       18.100000      0.58417000
       18.150000      0.57986000
       18.200000      0.57561000
       18.250000      0.57141000
       18.300000      0.56727000
       18.350000      0.56318000
       18.400000      0.55914000
       18.450000      0.55515000
       18.500000      0.55122000
       18.550000      0.54700000
       18.600000      0.54277000
       18.650000      0.53859000
       18.700000      0.53446000
       18.750000      0.53037000
       18.800000      0.52633000
       18.850000      0.52234000
       18.900000      0.51839000
       18.950000      0.51449000
       19.000000      0.51063000
       19.050000      0.50682000
       19.100000      0.50304000
       19.150000      0.49931000
       19.200000      0.49563000
       19.250000      0.49198000
       19.300000      0.48837000
       19.350000      0.48480000
       19.400000      0.48128000
       19.450000      0.47779000
       19.500000      0.47434000
       19.550000      0.47092000
       19.600000      0.46762000
       19.650000      0.46461000
       19.700000      0.46164000
       19.750000      0.45871000
       19.800000      0.45581000
       19.850000      0.45295000
       19.900000      0.45013000
       19.950000      0.44734000
       20.000000      0.44458000
       20.050000      0.44186000
       20.100000      0.43917000
       20.150000      0.43652000
       20.200000      0.43390000
       20.250000      0.43131000
       20.300000      0.42875000
       20.350000      0.42622000
       20.400000      0.42372000
       20.450000      0.42125000
       20.500000      0.41881000
       20.550000      0.41640000
       20.600000      0.41402000
       20.650000      0.41167000
       20.700000      0.40934000
       20.750000      0.40707000
       20.800000      0.40491000
       20.850000      0.40277000
       20.900000      0.40064000
       20.950000      0.39854000
       21.000000      0.39646000
       21.050000      0.39439000
       21.100000      0.39235000
       21.150000      0.39032000
       21.200000      0.38831000
       21.250000      0.38632000
       21.300000      0.38435000
       21.350000      0.38240000
       21.400000      0.38046000
       21.450000      0.37854000
       21.500000      0.37664000
       21.550000      0.37476000
       21.600000      0.37289000
       21.650000      0.37104000
       21.700000      0.36920000
       21.750000      0.36739000
       21.800000      0.36558000
       21.850000      0.36379000
       21.900000      0.36202000
       21.950000      0.36027000
       22.000000      0.35814000
       22.050000      0.35603000
       22.100000      0.35394000
       22.150000      0.35186000
       22.200000      0.34981000
       22.250000      0.34777000
       22.300000      0.34575000
       22.350000      0.34375000
       22.400000      0.34177000
       22.450000      0.33981000
       22.500000      0.33786000
       22.550000      0.33593000
       22.600000      0.33402000
       22.650000      0.33212000
       22.700000      0.33024000
       22.750000      0.32838000
       22.800000      0.32653000
       22.850000      0.32470000
       22.900000      0.32288000
       22.950000      0.32109000
       23.000000      0.31930000
       23.050000      0.31753000
       23.100000      0.31578000
       23.150000      0.31404000
       23.200000      0.31232000
       23.250000      0.31066000
       23.300000      0.30914000
       23.350000      0.30763000
       23.400000      0.30613000
       23.450000      0.30465000
       23.500000      0.30318000
       23.550000      0.30173000
       23.600000      0.30028000
       23.650000      0.29885000
       23.700000      0.29744000
       23.750000      0.29603000
       23.800000      0.29464000
       23.850000      0.29326000
       23.900000      0.29189000
       23.950000      0.29054000
       24.000000      0.28920000
       24.050000      0.28786000
       24.100000      0.28654000
       24.150000      0.28524000
       24.200000      0.28394000
       24.250000      0.28265000
       24.300000      0.28138000
       24.350000      0.28011000
       24.400000      0.27886000
       24.450000      0.27762000
       24.500000      0.27639000
       24.550000      0.27516000
       24.600000      0.27395000
       24.650000      0.27275000
       24.700000      0.27155000
       24.750000      0.27036000
       24.800000      0.26919000
       24.850000      0.26802000
       24.900000      0.26686000
       24.950000      0.26571000
       25.000000      0.26457000
       25.050000      0.26343000
       25.100000      0.26231000
       25.150000      0.26119000
       25.200000      0.26008000
       25.250000      0.25898000
       25.300000      0.25789000
       25.350000      0.25681000
       25.400000      0.25573000
       25.450000      0.25466000
       25.500000      0.25360000
       25.550000      0.25255000
       25.600000      0.25150000
       25.650000      0.25047000
       25.700000      0.24944000
       25.750000      0.24842000
       25.800000      0.24740000
       25.850000      0.24639000
       25.900000      0.24539000
       25.950000      0.24440000
       26.000000      0.24341000
       26.050000      0.24241000
       26.100000      0.24136000
       26.150000      0.24032000
       26.200000      0.23929000
       26.250000      0.23826000
       26.300000      0.23725000
       26.350000      0.23624000
       26.400000      0.23523000
       26.450000      0.23424000
       26.500000      0.23325000
       26.550000      0.23227000
       26.600000      0.23129000
       26.650000      0.23033000
       26.700000      0.22937000
       26.750000      0.22841000
       26.800000      0.22747000
       26.850000      0.22653000
       26.900000      0.22560000
       26.950000      0.22467000
       27.000000      0.22375000
       27.050000      0.22284000
       27.100000      0.22193000
       27.150000      0.22103000
       27.200000      0.22014000
       27.250000      0.21925000
       27.300000      0.21837000
       27.350000      0.21749000
       27.400000      0.21662000
       27.450000      0.21576000
       27.500000      0.21490000
       27.550000      0.21405000
       27.600000      0.21328000
       27.650000      0.21254000
       27.700000      0.21180000
       27.750000      0.21107000
       27.800000      0.21034000
       27.850000      0.20961000
       27.900000      0.20889000
       27.950000      0.20818000
       28.000000      0.20747000
       28.050000      0.20676000
       28.100000      0.20606000
       28.150000      0.20537000
       28.200000      0.20468000
       28.250000      0.20399000
       28.300000      0.20330000
       28.350000      0.20263000
       28.400000      0.20195000
       28.450000      0.20128000
       28.500000      0.20062000
       28.550000      0.19995000
       28.600000      0.19930000
       28.650000      0.19864000
       28.700000      0.19800000
       28.750000      0.19735000
       28.800000      0.19671000
       28.850000      0.19607000
       28.900000      0.19544000
       28.950000      0.19481000
       29.000000      0.19418000
       29.050000      0.19356000
       29.100000      0.19295000
       29.150000      0.19233000
       29.200000      0.19167000
       29.250000      0.19097000
       29.300000      0.19028000
       29.350000      0.18959000
       29.400000      0.18890000
       29.450000      0.18822000
       29.500000      0.18754000
       29.550000      0.18687000
       29.600000      0.18620000
       29.650000      0.18553000
       29.700000      0.18487000
       29.750000      0.18421000
       29.800000      0.18356000
       29.850000      0.18291000
       29.900000      0.18226000
       29.950000      0.18162000
       30.000000      0.18098000
       30.050000      0.18034000
       30.100000      0.17971000
       30.150000      0.17908000
       30.200000      0.17846000
       30.250000      0.17784000
       30.300000      0.17722000
       30.350000      0.17661000
       30.400000      0.17600000
       30.450000      0.17539000
       30.500000      0.17479000
       30.550000      0.17419000
       30.600000      0.17360000
       30.650000      0.17301000
       30.700000      0.17242000
       30.750000      0.17183000
       30.800000      0.17125000
       30.850000      0.17067000
       30.900000      0.17012000
       30.950000      0.16962000
       31.000000      0.16911000
       31.050000      0.16861000
       31.100000      0.16812000
       31.150000      0.16762000
       31.200000      0.16713000
       31.250000      0.16664000
       31.300000      0.16616000
       31.350000      0.16567000
       31.400000      0.16519000
       31.450000      0.16471000
       31.500000      0.16424000
       31.550000      0.16377000
       31.600000      0.16330000
       31.650000      0.16283000
       31.700000      0.16236000
       31.750000      0.16190000
       31.800000      0.16144000
       31.850000      0.16098000
       31.900000      0.16053000
       31.950000      0.16007000
       32.000000      0.15962000
       32.050000      0.15918000
       32.100000      0.15873000
       32.150000      0.15829000
       32.200000      0.15785000
       32.250000      0.15741000
       32.300000      0.15697000
       32.350000      0.15654000
       32.400000      0.15611000
       32.450000      0.15568000
       32.500000      0.15525000
       32.550000      0.15482000
       32.600000      0.15440000
       32.650000      0.15398000
       32.700000      0.15354000
       32.750000      0.15304000
       32.800000      0.15254000
       32.850000      0.15204000
       32.900000      0.15155000
       32.950000      0.15105000
       33.000000      0.15056000
       33.050000      0.15008000
       33.100000      0.14959000
       33.150000      0.14911000
       33.200000      0.14863000
       33.250000      0.14816000
       33.300000      0.14768000
       33.350000      0.14721000
       33.400000      0.14674000
       33.450000      0.14627000
       33.500000      0.14581000
       33.550000      0.14535000
       33.600000      0.14489000
       33.650000      0.14443000
       33.700000      0.14397000
       33.750000      0.14352000
       33.800000      0.14307000
       33.850000      0.14262000
       33.900000      0.14217000
       33.950000      0.14173000
       34.000000      0.14129000
       34.050000      0.14085000
       34.100000      0.14041000
       34.150000      0.13998000
       34.200000      0.13954000
       34.250000      0.13911000
       34.300000      0.13868000
       34.350000      0.13826000
       34.400000      0.13783000
       34.450000      0.13741000
       34.500000      0.13699000
       34.550000      0.13657000
       34.600000      0.13616000
       34.650000      0.13583000
       34.700000      0.13550000
       34.750000      0.13517000
       34.800000      0.13484000
       34.850000      0.13451000
       34.900000      0.13419000
       34.950000      0.13387000
       35.000000      0.13354000
       39.271000      0.10910000
       44.062000     0.091212000
       49.439000     0.075560000
       55.471000     0.062378000
       62.240000     0.052952000
       69.834000     0.044820000
       78.355000     0.038118000
       87.916000     0.032781000
       98.643000     0.028187000
       110.68000     0.023898000
       124.18000     0.020075000
       139.34000     0.016726000
       156.34000     0.013755000
       175.42000     0.011093000
       196.82000    0.0089026000
       220.84000    0.0073372000
       247.78000    0.0058769000
       278.01000    0.0046337000
       311.94000    0.0037868000
       350.00000    0.0031665000
       392.71000    0.0025213000
       440.62000    0.0020365000
       494.39000    0.0015764000
       554.71000    0.0012190000
       622.40000   0.00094370000
       698.34000   0.00078395000
       783.55000   0.00061590000
       879.16000   0.00048923000
       986.43000   0.00038861000
       1000.0000   0.00037814000
