671	0.1	3.20

     0.050000000     0.068754000
     0.056101000     0.087330000
     0.062946000      0.11114000
     0.070627000      0.14163000
     0.079245000      0.18092000
     0.088914000      0.23129000
     0.099763000      0.29695000
      0.11194000      0.37870000
      0.12559000      0.48721000
      0.14092000      0.62354000
      0.15811000      0.77271000
      0.17741000      0.97080000
      0.19905000       1.2165000
      0.22334000       1.2165000
      0.25059000       1.2167000
      0.28117000       1.1517000
      0.31548000      0.92225000
      0.35397000      0.73734000
      0.39716000      0.56958000
      0.44563000      0.34782000
      0.50000000      0.19557000
      0.56101000      0.11408000
      0.62946000     0.068233000
      0.70627000     0.040776000
      0.79245000     0.026588000
      0.88914000     0.018793000
      0.99763000     0.015066000
       1.1194000     0.010854000
       1.2559000    0.0067668000
       1.4092000    0.0040830000
       1.5811000    0.0031571000
       1.7741000    0.0026873000
       1.9905000    0.0022364000
       2.2334000    0.0016603000
       2.5059000    0.0012518000
       2.8117000    0.0010431000
       3.1548000   0.00089820000
       3.5397000   0.00078181000
       3.9716000   0.00068960000
       4.4563000   0.00063933000
       5.0000000   0.00094449000
       5.0500000   0.00097578000
       5.1000000    0.0010066000
       5.1500000    0.0010369000
       5.2000000    0.0010667000
       5.2500000    0.0010962000
       5.3000000    0.0011251000
       5.3500000    0.0011537000
       5.4000000    0.0011818000
       5.4500000    0.0012096000
       5.5000000    0.0012369000
       5.5500000    0.0012222000
       5.6000000    0.0012077000
       5.6500000    0.0011934000
       5.7000000    0.0011794000
       5.7500000    0.0011656000
       5.8000000    0.0011519000
       5.8500000    0.0011385000
       5.9000000    0.0011253000
       5.9500000    0.0011123000
       6.0000000    0.0010995000
       6.0500000    0.0010984000
       6.1000000    0.0010974000
       6.1500000    0.0010964000
       6.2000000    0.0010955000
       6.2500000    0.0010946000
       6.3000000    0.0010938000
       6.3500000    0.0010930000
       6.4000000    0.0010922000
       6.4500000    0.0010915000
       6.5000000    0.0010909000
       6.5500000    0.0011126000
       6.6000000    0.0011343000
       6.6500000    0.0011557000
       6.7000000    0.0011771000
       6.7500000    0.0011983000
       6.8000000    0.0012194000
       6.8500000    0.0012403000
       6.9000000    0.0012612000
       6.9500000    0.0012819000
       7.0000000    0.0013024000
       7.0500000    0.0013629000
       7.1000000    0.0014233000
       7.1500000    0.0014835000
       7.2000000    0.0015436000
       7.2500000    0.0016036000
       7.3000000    0.0016634000
       7.3500000    0.0017231000
       7.4000000    0.0017827000
       7.4500000    0.0018422000
       7.5000000    0.0019016000
       7.5500000    0.0032227000
       7.6000000    0.0045537000
       7.6500000    0.0058943000
       7.7000000    0.0072440000
       7.7500000    0.0086021000
       7.8000000    0.0099683000
       7.8500000     0.011342000
       7.9000000     0.012722000
       7.9500000     0.014108000
       8.0000000     0.015500000
       8.0500000     0.020163000
       8.1000000     0.024869000
       8.1500000     0.029615000
       8.2000000     0.034402000
       8.2500000     0.039849000
       8.3000000     0.045323000
       8.3500000     0.050828000
       8.4000000     0.056371000
       8.4500000     0.062282000
       8.5000000     0.068222000
       8.5500000     0.074199000
       8.6000000     0.080221000
       8.6500000     0.087541000
       8.7000000     0.094878000
       8.7500000      0.10223000
       8.8000000      0.10961000
       8.8500000      0.11506000
       8.9000000      0.12015000
       8.9500000      0.12486000
       9.0000000      0.12916000
       9.0500000      0.12999000
       9.1000000      0.13062000
       9.1500000      0.13107000
       9.2000000      0.13134000
       9.2500000      0.13125000
       9.3000000      0.13100000
       9.3500000      0.13059000
       9.4000000      0.13004000
       9.4500000      0.12809000
       9.5000000      0.12607000
       9.5500000      0.12401000
       9.6000000      0.12191000
       9.6500000      0.11863000
       9.7000000      0.11544000
       9.7500000      0.11233000
       9.8000000      0.10930000
       9.8500000      0.10640000
       9.9000000      0.10359000
       9.9500000      0.10086000
       10.000000     0.098207000
       10.050000     0.095877000
       10.100000     0.093608000
       10.150000     0.091399000
       10.200000     0.089248000
       10.250000     0.087032000
       10.300000     0.084876000
       10.350000     0.082778000
       10.400000     0.080738000
       10.450000     0.078568000
       10.500000     0.076461000
       10.550000     0.074413000
       10.600000     0.072423000
       10.650000     0.070196000
       10.700000     0.068035000
       10.750000     0.065938000
       10.800000     0.063903000
       10.850000     0.061683000
       10.900000     0.059523000
       10.950000     0.057422000
       11.000000     0.055379000
       11.050000     0.053306000
       11.100000     0.051279000
       11.150000     0.049296000
       11.200000     0.047357000
       11.250000     0.045497000
       11.300000     0.043664000
       11.350000     0.041858000
       11.400000     0.040079000
       11.450000     0.038369000
       11.500000     0.036675000
       11.550000     0.034995000
       11.600000     0.033332000
       11.650000     0.031802000
       11.700000     0.030270000
       11.750000     0.028735000
       11.800000     0.027198000
       11.850000     0.025918000
       11.900000     0.024626000
       11.950000     0.023322000
       12.000000     0.022008000
       12.050000     0.021409000
       12.100000     0.020798000
       12.150000     0.020175000
       12.200000     0.019540000
       12.250000     0.018891000
       12.300000     0.018231000
       12.350000     0.017557000
       12.400000     0.016871000
       12.450000     0.016172000
       12.500000     0.015459000
       12.550000     0.015351000
       12.600000     0.015241000
       12.650000     0.015129000
       12.700000     0.015014000
       12.750000     0.014898000
       12.800000     0.014779000
       12.850000     0.014658000
       12.900000     0.014535000
       12.950000     0.014410000
       13.000000     0.014282000
       13.050000     0.014462000
       13.100000     0.014644000
       13.150000     0.014826000
       13.200000     0.015011000
       13.250000     0.015196000
       13.300000     0.015383000
       13.350000     0.015571000
       13.400000     0.015760000
       13.450000     0.015950000
       13.500000     0.016142000
       13.550000     0.016374000
       13.600000     0.016606000
       13.650000     0.016838000
       13.700000     0.017071000
       13.750000     0.017305000
       13.800000     0.017539000
       13.850000     0.017774000
       13.900000     0.018010000
       13.950000     0.018246000
       14.000000     0.018482000
       14.050000     0.018660000
       14.100000     0.018839000
       14.150000     0.019018000
       14.200000     0.019198000
       14.250000     0.019378000
       14.300000     0.019558000
       14.350000     0.019738000
       14.400000     0.019920000
       14.450000     0.020101000
       14.500000     0.020283000
       14.550000     0.020537000
       14.600000     0.020791000
       14.650000     0.021046000
       14.700000     0.021303000
       14.750000     0.021560000
       14.800000     0.021818000
       14.850000     0.022077000
       14.900000     0.022337000
       14.950000     0.022598000
       15.000000     0.022860000
       15.050000     0.023303000
       15.100000     0.023749000
       15.150000     0.024197000
       15.200000     0.024648000
       15.250000     0.025101000
       15.300000     0.025557000
       15.350000     0.026016000
       15.400000     0.026477000
       15.450000     0.026941000
       15.500000     0.027408000
       15.550000     0.028262000
       15.600000     0.029118000
       15.650000     0.029978000
       15.700000     0.030840000
       15.750000     0.031704000
       15.800000     0.032572000
       15.850000     0.033443000
       15.900000     0.034316000
       15.950000     0.035193000
       16.000000     0.036073000
       16.050000     0.037006000
       16.100000     0.037936000
       16.150000     0.038863000
       16.200000     0.039788000
       16.250000     0.040710000
       16.300000     0.041629000
       16.350000     0.042546000
       16.400000     0.043461000
       16.450000     0.044372000
       16.500000     0.045281000
       16.550000     0.046022000
       16.600000     0.046754000
       16.650000     0.047479000
       16.700000     0.048195000
       16.750000     0.048903000
       16.800000     0.049603000
       16.850000     0.050294000
       16.900000     0.050977000
       16.950000     0.051651000
       17.000000     0.052316000
       17.050000     0.052790000
       17.100000     0.053253000
       17.150000     0.053702000
       17.200000     0.054140000
       17.250000     0.054565000
       17.300000     0.054978000
       17.350000     0.055379000
       17.400000     0.055767000
       17.450000     0.056142000
       17.500000     0.056506000
       17.550000     0.056649000
       17.600000     0.056782000
       17.650000     0.056904000
       17.700000     0.057015000
       17.750000     0.057115000
       17.800000     0.057205000
       17.850000     0.057284000
       17.900000     0.057354000
       17.950000     0.057413000
       18.000000     0.057462000
       18.050000     0.057285000
       18.100000     0.057104000
       18.150000     0.056918000
       18.200000     0.056728000
       18.250000     0.056534000
       18.300000     0.056336000
       18.350000     0.056134000
       18.400000     0.055929000
       18.450000     0.055720000
       18.500000     0.055508000
       18.550000     0.055228000
       18.600000     0.054948000
       18.650000     0.054668000
       18.700000     0.054387000
       18.750000     0.054107000
       18.800000     0.053826000
       18.850000     0.053545000
       18.900000     0.053265000
       18.950000     0.052984000
       19.000000     0.052704000
       19.050000     0.052445000
       19.100000     0.052187000
       19.150000     0.051929000
       19.200000     0.051672000
       19.250000     0.051415000
       19.300000     0.051159000
       19.350000     0.050904000
       19.400000     0.050649000
       19.450000     0.050394000
       19.500000     0.050140000
       19.550000     0.049930000
       19.600000     0.049719000
       19.650000     0.049508000
       19.700000     0.049297000
       19.750000     0.049086000
       19.800000     0.048875000
       19.850000     0.048663000
       19.900000     0.048452000
       19.950000     0.048240000
       20.000000     0.048029000
       20.050000     0.047705000
       20.100000     0.047381000
       20.150000     0.047059000
       20.200000     0.046736000
       20.250000     0.046415000
       20.300000     0.046094000
       20.350000     0.045774000
       20.400000     0.045455000
       20.450000     0.045137000
       20.500000     0.044819000
       20.550000     0.044503000
       20.600000     0.044188000
       20.650000     0.043874000
       20.700000     0.043561000
       20.750000     0.043249000
       20.800000     0.042939000
       20.850000     0.042630000
       20.900000     0.042322000
       20.950000     0.042016000
       21.000000     0.041711000
       21.050000     0.041075000
       21.100000     0.040450000
       21.150000     0.039834000
       21.200000     0.039229000
       21.250000     0.038633000
       21.300000     0.038046000
       21.350000     0.037469000
       21.400000     0.036902000
       21.450000     0.036343000
       21.500000     0.035793000
       21.550000     0.035252000
       21.600000     0.034720000
       21.650000     0.034196000
       21.700000     0.033680000
       21.750000     0.033172000
       21.800000     0.032672000
       21.850000     0.032180000
       21.900000     0.031696000
       21.950000     0.031220000
       22.000000     0.030751000
       22.050000     0.030444000
       22.100000     0.030139000
       22.150000     0.029836000
       22.200000     0.029534000
       22.250000     0.029233000
       22.300000     0.028934000
       22.350000     0.028636000
       22.400000     0.028340000
       22.450000     0.028046000
       22.500000     0.027752000
       22.550000     0.027461000
       22.600000     0.027170000
       22.650000     0.026882000
       22.700000     0.026594000
       22.750000     0.026309000
       22.800000     0.026024000
       22.850000     0.025742000
       22.900000     0.025460000
       22.950000     0.025181000
       23.000000     0.024903000
       23.050000     0.024753000
       23.100000     0.024603000
       23.150000     0.024455000
       23.200000     0.024306000
       23.250000     0.024158000
       23.300000     0.024010000
       23.350000     0.023863000
       23.400000     0.023716000
       23.450000     0.023570000
       23.500000     0.023424000
       23.550000     0.023278000
       23.600000     0.023133000
       23.650000     0.022989000
       23.700000     0.022844000
       23.750000     0.022700000
       23.800000     0.022557000
       23.850000     0.022414000
       23.900000     0.022271000
       23.950000     0.022129000
       24.000000     0.021987000
       24.050000     0.021893000
       24.100000     0.021799000
       24.150000     0.021706000
       24.200000     0.021613000
       24.250000     0.021520000
       24.300000     0.021428000
       24.350000     0.021336000
       24.400000     0.021244000
       24.450000     0.021153000
       24.500000     0.021062000
       24.550000     0.020971000
       24.600000     0.020881000
       24.650000     0.020791000
       24.700000     0.020701000
       24.750000     0.020612000
       24.800000     0.020523000
       24.850000     0.020434000
       24.900000     0.020346000
       24.950000     0.020258000
       25.000000     0.020170000
       25.050000     0.020103000
       25.100000     0.020037000
       25.150000     0.019971000
       25.200000     0.019906000
       25.250000     0.019840000
       25.300000     0.019775000
       25.350000     0.019710000
       25.400000     0.019645000
       25.450000     0.019581000
       25.500000     0.019517000
       25.550000     0.019453000
       25.600000     0.019389000
       25.650000     0.019326000
       25.700000     0.019263000
       25.750000     0.019200000
       25.800000     0.019137000
       25.850000     0.019074000
       25.900000     0.019012000
       25.950000     0.018950000
       26.000000     0.018889000
       26.050000     0.018829000
       26.100000     0.018769000
       26.150000     0.018709000
       26.200000     0.018650000
       26.250000     0.018591000
       26.300000     0.018533000
       26.350000     0.018474000
       26.400000     0.018416000
       26.450000     0.018358000
       26.500000     0.018300000
       26.550000     0.018243000
       26.600000     0.018186000
       26.650000     0.018129000
       26.700000     0.018072000
       26.750000     0.018016000
       26.800000     0.017959000
       26.850000     0.017903000
       26.900000     0.017847000
       26.950000     0.017792000
       27.000000     0.017737000
       27.050000     0.017680000
       27.100000     0.017624000
       27.150000     0.017568000
       27.200000     0.017512000
       27.250000     0.017456000
       27.300000     0.017401000
       27.350000     0.017346000
       27.400000     0.017291000
       27.450000     0.017236000
       27.500000     0.017182000
       27.550000     0.017128000
       27.600000     0.017074000
       27.650000     0.017020000
       27.700000     0.016967000
       27.750000     0.016913000
       27.800000     0.016860000
       27.850000     0.016808000
       27.900000     0.016755000
       27.950000     0.016703000
       28.000000     0.016650000
       28.050000     0.016594000
       28.100000     0.016538000
       28.150000     0.016483000
       28.200000     0.016428000
       28.250000     0.016372000
       28.300000     0.016318000
       28.350000     0.016263000
       28.400000     0.016208000
       28.450000     0.016154000
       28.500000     0.016100000
       28.550000     0.016047000
       28.600000     0.015993000
       28.650000     0.015940000
       28.700000     0.015887000
       28.750000     0.015834000
       28.800000     0.015782000
       28.850000     0.015729000
       28.900000     0.015677000
       28.950000     0.015625000
       29.000000     0.015574000
       29.050000     0.015516000
       29.100000     0.015458000
       29.150000     0.015401000
       29.200000     0.015344000
       29.250000     0.015287000
       29.300000     0.015231000
       29.350000     0.015175000
       29.400000     0.015119000
       29.450000     0.015063000
       29.500000     0.015007000
       29.550000     0.014952000
       29.600000     0.014897000
       29.650000     0.014842000
       29.700000     0.014788000
       29.750000     0.014734000
       29.800000     0.014680000
       29.850000     0.014626000
       29.900000     0.014572000
       29.950000     0.014519000
       30.000000     0.014466000
       30.050000     0.014409000
       30.100000     0.014352000
       30.150000     0.014295000
       30.200000     0.014239000
       30.250000     0.014183000
       30.300000     0.014127000
       30.350000     0.014071000
       30.400000     0.014016000
       30.450000     0.013961000
       30.500000     0.013906000
       30.550000     0.013851000
       30.600000     0.013797000
       30.650000     0.013743000
       30.700000     0.013689000
       30.750000     0.013635000
       30.800000     0.013582000
       30.850000     0.013528000
       30.900000     0.013475000
       30.950000     0.013423000
       31.000000     0.013370000
       31.050000     0.013318000
       31.100000     0.013266000
       31.150000     0.013214000
       31.200000     0.013162000
       31.250000     0.013111000
       31.300000     0.013059000
       31.350000     0.013008000
       31.400000     0.012958000
       31.450000     0.012907000
       31.500000     0.012857000
       31.550000     0.012807000
       31.600000     0.012757000
       31.650000     0.012707000
       31.700000     0.012658000
       31.750000     0.012608000
       31.800000     0.012559000
       31.850000     0.012510000
       31.900000     0.012462000
       31.950000     0.012413000
       32.000000     0.012365000
       32.050000     0.012315000
       32.100000     0.012265000
       32.150000     0.012215000
       32.200000     0.012165000
       32.250000     0.012116000
       32.300000     0.012066000
       32.350000     0.012017000
       32.400000     0.011968000
       32.450000     0.011920000
       32.500000     0.011871000
       32.550000     0.011823000
       32.600000     0.011775000
       32.650000     0.011727000
       32.700000     0.011679000
       32.750000     0.011632000
       32.800000     0.011584000
       32.850000     0.011537000
       32.900000     0.011490000
       32.950000     0.011443000
       33.000000     0.011397000
       33.050000     0.011350000
       33.100000     0.011304000
       33.150000     0.011258000
       33.200000     0.011212000
       33.250000     0.011167000
       33.300000     0.011121000
       33.350000     0.011076000
       33.400000     0.011031000
       33.450000     0.010986000
       33.500000     0.010941000
       33.550000     0.010896000
       33.600000     0.010852000
       33.650000     0.010808000
       33.700000     0.010763000
       33.750000     0.010720000
       33.800000     0.010676000
       33.850000     0.010632000
       33.900000     0.010589000
       33.950000     0.010546000
       34.000000     0.010503000
       34.050000     0.010461000
       34.100000     0.010420000
       34.150000     0.010378000
       34.200000     0.010337000
       34.250000     0.010296000
       34.300000     0.010255000
       34.350000     0.010214000
       34.400000     0.010174000
       34.450000     0.010133000
       34.500000     0.010093000
       34.550000     0.010053000
       34.600000     0.010013000
       34.650000    0.0099729000
       34.700000    0.0099331000
       34.750000    0.0098935000
       34.800000    0.0098540000
       34.850000    0.0098146000
       34.900000    0.0097754000
       34.950000    0.0097363000
       35.000000    0.0096973000
       39.271000    0.0070443000
       44.062000    0.0054188000
       49.439000    0.0042086000
       55.471000    0.0032959000
       62.240000    0.0026812000
       69.834000    0.0020865000
       78.355000    0.0016734000
       87.916000    0.0013451000
       98.643000    0.0010703000
       110.68000   0.00088977000
       124.18000   0.00073697000
       139.34000   0.00060067000
       156.34000   0.00047906000
       175.42000   0.00037055000
       196.82000   0.00027371000
       220.84000   0.00022662000
       247.78000   0.00019065000
       278.01000   0.00015858000
       311.94000   0.00012999000
       350.00000   0.00010451000
       392.71000   8.1792000e-05
       440.62000   6.1540000e-05
       494.39000   4.3485000e-05
       554.71000   3.4541000e-05
       622.40000   2.7437000e-05
       698.34000   2.1794000e-05
       783.55000   1.7312000e-05
       879.16000   1.3751000e-05
       986.43000   1.0923000e-05
       1000.0000   1.0629000e-05
