669	6.0 	2.80

     0.070000000       2.0396755
     0.078541000       2.1075348
     0.088125000       2.1762935
     0.098878000       2.2387560
      0.11094000       2.2936230
      0.12448000       2.3247044
      0.13967000       2.3256038
      0.15671000       2.3442926
      0.17583000       2.2056758
      0.19729000       1.8907649
      0.22136000       1.3373971
      0.24837000      0.43992589
      0.27868000      0.26899851
      0.31268000     0.076072331
      0.35083000     0.011735954
      0.39364000    0.0052938219
      0.44167000    0.0044268424
      0.49556000    0.0039335385
      0.55603000    0.0042117715
      0.62388000    0.0047006780
      0.70000000    0.0043703763
      0.78541000    0.0045975399
      0.88125000    0.0041192271
      0.98878000    0.0048746735
       1.1094000    0.0046415135
       1.2448000    0.0039393351
       1.3967000    0.0050230844
       1.5671000    0.0042024771
       1.7583000    0.0038262030
       1.9729000    0.0049312396
       2.2136000    0.0039893051
       2.4837000    0.0049481294
       2.7868000    0.0045685573
       3.1268000    0.0047551453
       3.5083000    0.0041681977
       3.9364000    0.0045225849
       4.4167000    0.0094702146
       4.9556000     0.054994984
       5.0000000     0.058754727
       5.0500000     0.062352567
       5.1000000     0.065985386
       5.1500000     0.069443310
       5.2000000     0.072559440
       5.2500000     0.075392739
       5.3000000     0.078066134
       5.3500000     0.080672569
       5.4000000     0.083267011
       5.4500000     0.085886439
       5.5000000     0.088552838
       5.5500000     0.087799291
       5.6000000     0.087119699
       5.6500000     0.086388138
       5.7000000     0.085513663
       5.7500000     0.084500271
       5.8000000     0.083412924
       5.8500000     0.082316582
       5.9000000     0.081262215
       5.9500000     0.080281804
       6.0000000     0.079393337
       6.0500000     0.079763115
       6.1000000     0.080195855
       6.1500000     0.080664574
       6.2000000     0.081125297
       6.2500000     0.081533052
       6.3000000     0.081857857
       6.3500000     0.082092716
       6.4000000     0.082251621
       6.4500000     0.082357557
       6.5000000     0.082435511
       6.5500000     0.083563833
       6.6000000     0.084673167
       6.6500000     0.085777504
       6.7000000     0.086882841
       6.7500000     0.087990176
       6.8000000     0.089092514
       6.8500000     0.090178862
       6.9000000     0.091234228
       6.9500000     0.092246621
       7.0000000     0.093205045
       7.0500000     0.097278600
       7.1000000      0.10115927
       7.1500000      0.10487704
       7.2000000      0.10842491
       7.2500000      0.11185285
       7.3000000      0.11515087
       7.3500000      0.11834895
       7.4000000      0.12145708
       7.4500000      0.12446528
       7.5000000      0.12737353
       7.5500000      0.20721247
       7.6000000      0.28033622
       7.6500000      0.34752085
       7.7000000      0.40940256
       7.7500000      0.46657091
       7.8000000      0.51951888
       7.8500000      0.56868947
       7.9000000      0.61446575
       7.9500000      0.65718081
       8.0000000      0.69712777
       8.0500000      0.74308298
       8.1000000      0.74935583
       8.1500000      0.76592542
       8.2000000      0.77867710
       8.2500000      0.79470634
       8.3000000      0.78446140
       8.3500000      0.73978517
       8.4000000      0.76475646
       8.4500000      0.76916996
       8.5000000      0.78597134
       8.5500000      0.83325974
       8.6000000      0.85487506
       8.6500000      0.86835253
       8.7000000       1.1063278
       8.7500000       1.1429955
       8.8000000       1.3426849
       8.8500000       1.4842838
       8.9000000       1.3757733
       8.9500000       1.3006340
       9.0000000       1.3074533
       9.0500000       1.3123353
       9.1000000       1.4081759
       9.1500000       1.4988252
       9.2000000       1.6157195
       9.2500000       1.7506617
       9.3000000       1.8519652
       9.3500000       1.9526094
       9.4000000       2.0202788
       9.4500000       2.0669881
       9.5000000       2.1177594
       9.5500000       2.1759891
       9.6000000       2.2604299
       9.6500000       2.2444743
       9.7000000       2.1670304
       9.7500000       2.1272495
       9.8000000       2.1423934
       9.8500000       2.1960122
       9.9000000       2.2655516
       9.9500000       2.2095658
       10.000000       2.0622373
       10.050000       1.9611378
       10.100000       1.9115575
       10.150000       1.8860976
       10.200000       1.9265381
       10.250000       1.9556562
       10.300000       1.9264782
       10.350000       1.8992554
       10.400000       1.9118337
       10.450000       1.9476970
       10.500000       1.9902870
       10.550000       2.0454870
       10.600000       2.0893702
       10.650000       2.1368078
       10.700000       2.1787309
       10.750000       2.1886997
       10.800000       2.1527078
       10.850000       2.0991756
       10.900000       2.0526257
       10.950000       1.9674348
       11.000000       1.9091017
       11.050000       1.8533204
       11.100000       1.8416723
       11.150000       1.8104072
       11.200000       1.8006459
       11.250000       1.7953966
       11.300000       1.8714738
       11.350000       1.8895308
       11.400000       1.8059516
       11.450000       1.7560084
       11.500000       1.7448348
       11.550000       1.7254248
       11.600000       1.6839247
       11.650000       1.6338944
       11.700000       1.6222998
       11.750000       1.5765972
       11.800000       1.4323784
       11.850000       1.3294759
       11.900000       1.2204784
       11.950000       1.1982796
       12.000000       1.1309719
       12.050000       1.0897955
       12.100000       1.0269098
       12.150000      0.97733240
       12.200000      0.96566341
       12.250000      0.92492323
       12.300000      0.96869835
       12.350000      0.89275810
       12.400000      0.88627606
       12.450000      0.86467561
       12.500000      0.79402571
       12.550000      0.78199562
       12.600000      0.78187578
       12.650000      0.79657443
       12.700000      0.78169534
       12.750000      0.76929152
       12.800000      0.79234525
       12.850000      0.73046138
       12.900000      0.70070935
       12.950000      0.74350264
       13.000000      0.74770087
       13.050000      0.77137631
       13.100000      0.72539370
       13.150000      0.73611147
       13.200000      0.81502290
       13.250000      0.81639306
       13.300000      0.77162621
       13.350000      0.89858701
       13.400000      0.99624835
       13.450000       1.0684721
       13.500000      0.97307521
       13.550000      0.98557262
       13.600000      0.96537280
       13.650000       1.0339806
       13.700000       1.1155507
       13.750000       1.2179993
       13.800000       1.2515520
       13.850000       1.2292855
       13.900000       1.1915174
       13.950000       1.0582228
       14.000000      0.99117183
       14.050000      0.95083751
       14.100000      0.91786869
       14.150000      0.94543920
       14.200000      0.95522487
       14.250000       1.0610020
       14.300000       1.1550234
       14.350000       1.2231655
       14.400000       1.2888731
       14.450000       1.3029965
       14.500000       1.2709278
       14.550000       1.2704251
       14.600000       1.2504906
       14.650000       1.2963110
       14.700000       1.3200833
       14.750000       1.3253806
       14.800000       1.3016392
       14.850000       1.2856320
       14.900000       1.2574863
       14.950000       1.2037732
       15.000000       1.1266291
       15.050000       1.0832100
       15.100000       1.1841934
       15.150000       1.2164020
       15.200000       1.3113494
       15.250000       1.4097252
       15.300000       1.4882946
       15.350000       1.4940488
       15.400000       1.4911786
       15.450000       1.4800109
       15.500000       1.4766380
       15.550000       1.4471395
       15.600000       1.4386567
       15.650000       1.3521661
       15.700000       1.2728304
       15.750000       1.2378720
       15.800000       1.1853906
       15.850000       1.1316320
       15.900000       1.1354321
       15.950000       1.1132280
       16.000000       1.0425199
       16.050000       1.0185399
       16.100000       1.0381318
       16.150000       1.0468329
       16.200000       1.1236639
       16.250000       1.1648032
       16.300000       1.1370953
       16.350000       1.1428283
       16.400000       1.1894513
       16.450000       1.1585754
       16.500000       1.1575226
       16.550000       1.1735785
       16.600000       1.1534536
       16.650000       1.0615979
       16.700000       1.0504373
       16.750000       1.0618651
       16.800000       1.1155625
       16.850000       1.1388623
       16.900000       1.1203966
       16.950000       1.1255356
       17.000000       1.1646761
       17.050000       1.2031464
       17.100000       1.2358848
       17.150000       1.3075387
       17.200000       1.3712570
       17.250000       1.4538995
       17.300000       1.5359327
       17.350000       1.5957678
       17.400000       1.6435317
       17.450000       1.6943199
       17.500000       1.7598400
       17.550000       1.8449282
       17.600000       1.9445963
       17.650000       2.0296162
       17.700000       2.0774789
       17.750000       2.0800615
       17.800000       2.0639539
       17.850000       2.0521978
       17.900000       2.0637110
       17.950000       2.0942691
       18.000000       2.1252735
       18.050000       2.1525251
       18.100000       2.1641267
       18.150000       2.1739756
       18.200000       2.1786975
       18.250000       2.1844246
       18.300000       2.1774439
       18.350000       2.1541451
       18.400000       2.1150033
       18.450000       2.0902531
       18.500000       2.0771699
       18.550000       2.0737644
       18.600000       2.0674955
       18.650000       2.0534609
       18.700000       2.0293977
       18.750000       1.9951475
       18.800000       1.9571358
       18.850000       1.9276593
       18.900000       1.9091389
       18.950000       1.9187682
       19.000000       1.9421875
       19.050000       1.9828607
       19.100000       2.0292325
       19.150000       2.0663444
       19.200000       2.0896049
       19.250000       2.0991135
       19.300000       2.0993286
       19.350000       2.0963783
       19.400000       2.0900970
       19.450000       2.0819485
       19.500000       2.0744676
       19.550000       2.0718490
       19.600000       2.0664958
       19.650000       2.0625761
       19.700000       2.0625873
       19.750000       2.0672276
       19.800000       2.0767626
       19.850000       2.0908912
       19.900000       2.1046522
       19.950000       2.1219749
       20.000000       2.1271001
       20.050000       2.1213742
       20.100000       2.1152507
       20.150000       2.1135906
       20.200000       2.1100675
       20.250000       2.1035800
       20.300000       2.1059525
       20.350000       2.1053587
       20.400000       2.1020334
       20.450000       2.1007085
       20.500000       2.1070812
       20.550000       2.1047882
       20.600000       2.1144877
       20.650000       2.1132592
       20.700000       2.1060363
       20.750000       2.1015816
       20.800000       2.1034195
       20.850000       2.0980306
       20.900000       2.0983034
       20.950000       2.1005068
       21.000000       2.0945493
       21.050000       2.1073063
       21.100000       2.1217593
       21.150000       2.1346810
       21.200000       2.1435397
       21.250000       2.1577967
       21.300000       2.1774793
       21.350000       2.2016914
       21.400000       2.2292377
       21.450000       2.2519872
       21.500000       2.2687128
       21.550000       2.2764459
       21.600000       2.2758164
       21.650000       2.2834472
       21.700000       2.2847424
       21.750000       2.2838681
       21.800000       2.2867877
       21.850000       2.2934024
       21.900000       2.3044785
       21.950000       2.3188503
       22.000000       2.3327618
       22.050000       2.3455734
       22.100000       2.3545208
       22.150000       2.3595697
       22.200000       2.3756811
       22.250000       2.3856290
       22.300000       2.3831795
       22.350000       2.3909014
       22.400000       2.3911621
       22.450000       2.3837599
       22.500000       2.3726305
       22.550000       2.3575428
       22.600000       2.3371318
       22.650000       2.3171473
       22.700000       2.2992253
       22.750000       2.2834985
       22.800000       2.2858552
       22.850000       2.2867792
       22.900000       2.2864711
       22.950000       2.2801636
       23.000000       2.2726268
       23.050000       2.2686269
       23.100000       2.2667741
       23.150000       2.2572923
       23.200000       2.2349426
       23.250000       2.2018275
       23.300000       2.1641480
       23.350000       2.1517911
       23.400000       2.1477592
       23.450000       2.1511196
       23.500000       2.1609353
       23.550000       2.1709878
       23.600000       2.1833805
       23.650000       2.1930709
       23.700000       2.1998616
       23.750000       2.1960542
       23.800000       2.1912159
       23.850000       2.1869801
       23.900000       2.1811081
       23.950000       2.1725034
       24.000000       2.1770613
       24.050000       2.1892190
       24.100000       2.2155087
       24.150000       2.2534640
       24.200000       2.2878589
       24.250000       2.3368597
       24.300000       2.3627680
       24.350000       2.3589746
       24.400000       2.3324204
       24.450000       2.2825033
       24.500000       2.2283171
       24.550000       2.1644991
       24.600000       2.1337713
       24.650000       2.1024440
       24.700000       2.0822418
       24.750000       2.0620399
       24.800000       2.0445700
       24.850000       2.0239804
       24.900000       2.0008664
       24.950000       1.9724211
       25.000000       1.9405455
       25.050000       1.9182376
       25.100000       1.8978632
       25.150000       1.8967471
       25.200000       1.8948965
       25.250000       1.8949414
       25.300000       1.8912521
       25.350000       1.8833284
       25.400000       1.8718692
       25.450000       1.8577084
       25.500000       1.8442814
       25.550000       1.8306884
       25.600000       1.8169857
       25.650000       1.8023470
       25.700000       1.7950447
       25.750000       1.7875775
       25.800000       1.7960729
       25.850000       1.8038029
       25.900000       1.8195313
       25.950000       1.8327286
       26.000000       1.8467864
       26.050000       1.8592123
       26.100000       1.8828411
       26.150000       1.9050035
       26.200000       1.9428697
       26.250000       1.9770023
       26.300000       2.0357004
       26.350000       2.0876645
       26.400000       2.1455557
       26.450000       2.1985804
       26.500000       2.2246332
       26.550000       2.2466205
       26.600000       2.2358707
       26.650000       2.2151546
       26.700000       2.1967706
       26.750000       2.1761871
       26.800000       2.1591393
       26.850000       2.1424268
       26.900000       2.1372811
       26.950000       2.1400361
       27.000000       2.1428277
       27.050000       2.1453567
       27.100000       2.1519199
       27.150000       2.1670499
       27.200000       2.1815489
       27.250000       2.2029189
       27.300000       2.2197237
       27.350000       2.2261116
       27.400000       2.2264023
       27.450000       2.2317601
       27.500000       2.2350525
       27.550000       2.2461701
       27.600000       2.2618491
       27.650000       2.2798914
       27.700000       2.3044934
       27.750000       2.3242642
       27.800000       2.3388693
       27.850000       2.3495765
       27.900000       2.3659432
       27.950000       2.3809762
       28.000000       2.3928108
       28.050000       2.4020465
       28.100000       2.4113144
       28.150000       2.4242449
       28.200000       2.4352758
       28.250000       2.4493357
       28.300000       2.4618956
       28.350000       2.4780852
       28.400000       2.4951729
       28.450000       2.5121926
       28.500000       2.5340729
       28.550000       2.5530884
       28.600000       2.5752666
       28.650000       2.5946793
       28.700000       2.6072313
       28.750000       2.6129226
       28.800000       2.6158151
       28.850000       2.6124804
       28.900000       2.6057798
       28.950000       2.5945511
       29.000000       2.5787933
       29.050000       2.5592705
       29.100000       2.5382825
       29.150000       2.5121295
       29.200000       2.4925735
       29.250000       2.4754164
       29.300000       2.4551269
       29.350000       2.4346705
       29.400000       2.4095830
       29.450000       2.3820005
       29.500000       2.3512554
       29.550000       2.3175451
       29.600000       2.2959918
       29.650000       2.2722060
       29.700000       2.2545502
       29.750000       2.2423246
       29.800000       2.2275990
       29.850000       2.2133434
       29.900000       2.1975218
       29.950000       2.1843983
       30.000000       2.1795366
       30.050000       2.1738423
       30.100000       2.1680438
       30.150000       2.1608113
       30.200000       2.1521131
       30.250000       2.1472683
       30.300000       2.1387253
       30.350000       2.1280811
       30.400000       2.1151004
       30.450000       2.0961551
       30.500000       2.0899718
       30.550000       2.0915206
       30.600000       2.0904720
       30.650000       2.0825266
       30.700000       2.0712837
       30.750000       2.0595095
       30.800000       2.0575715
       30.850000       2.0525040
       30.900000       2.0409727
       30.950000       2.0195439
       31.000000       1.9934529
       31.050000       1.9686313
       31.100000       1.9457117
       31.150000       1.9188964
       31.200000       1.9065067
       31.250000       1.8999137
       31.300000       1.8914892
       31.350000       1.8898537
       31.400000       1.8894495
       31.450000       1.8887455
       31.500000       1.8806390
       31.550000       1.8714324
       31.600000       1.8617266
       31.650000       1.8590962
       31.700000       1.8554991
       31.750000       1.8497363
       31.800000       1.8344499
       31.850000       1.8180309
       31.900000       1.8008449
       31.950000       1.7851204
       32.000000       1.7676303
       32.050000       1.7504402
       32.100000       1.7424782
       32.150000       1.7326844
       32.200000       1.7208255
       32.250000       1.7077333
       32.300000       1.6934420
       32.350000       1.6785847
       32.400000       1.6699901
       32.450000       1.6600634
       32.500000       1.6489379
       32.550000       1.6572989
       32.600000       1.6668253
       32.650000       1.6773839
       32.700000       1.6720106
       32.750000       1.6650039
       32.800000       1.6582969
       32.850000       1.6806416
       32.900000       1.7099505
       32.950000       1.7360626
       33.000000       1.7556475
       33.050000       1.7716026
       33.100000       1.7868250
       33.150000       1.7989181
       33.200000       1.8063173
       33.250000       1.8134501
       33.300000       1.8191517
       33.350000       1.8173995
       33.400000       1.8140151
       33.450000       1.8088987
       33.500000       1.8163102
       33.550000       1.8243877
       33.600000       1.8310991
       33.650000       1.8493780
       33.700000       1.8736578
       33.750000       1.8938391
       33.800000       1.9135210
       33.850000       1.9375036
       33.900000       1.9540911
       33.950000       1.9649486
       34.000000       1.9863859
       34.050000       2.0106855
       34.100000       2.0358167
       34.150000       2.0617324
       34.200000       2.0832715
       34.250000       2.0993493
       34.300000       2.1099313
       34.350000       2.1013823
       34.400000       2.0879363
       34.450000       2.0694598
       34.500000       2.0347961
       34.550000       1.9891069
       34.600000       1.9395856
       34.650000       1.8880319
       34.700000       1.8547711
       34.750000       1.8196785
       34.800000       1.7826876
       34.850000       1.7512974
       34.900000       1.7221770
       34.950000       1.6874294
       35.000000       1.6443574
       39.271000       1.0694043
       44.062000       1.7227330
       49.439000       1.7026110
       55.471000      0.53583514
       62.240000      0.28668042
       69.834000      0.33103334
       78.355000      0.17106911
       87.916000     0.088970060
       98.643000     0.091361193
       110.68000     0.081428086
       124.18000     0.072572557
       139.34000     0.064679983
       156.34000     0.057646073
       175.42000     0.051377064
       196.82000     0.045789887
       220.84000     0.040810005
       247.78000     0.036372278
       278.01000     0.032416828
       311.94000     0.028891643
       350.00000     0.025749275
       392.71000     0.022949305
       440.62000     0.020453517
       494.39000     0.018228989
       554.71000     0.016246999
       622.40000     0.014479991
       698.34000     0.012905275
       783.55000     0.011501592
       879.16000     0.010251182
       986.43000    0.0091361193
       1000.0000    0.0090125011
