669	6.0 	3.33

     0.070000000       2.2879265
     0.078541000       2.3128115
     0.088125000       2.3330993
     0.098878000       2.3512884
      0.11094000       2.3661795
      0.12448000       2.3845684
      0.13967000       2.3347983
      0.15671000       2.3057158
      0.17583000       2.2224658
      0.19729000       1.9542268
      0.22136000      0.49667183
      0.24837000     0.033876662
      0.27868000      0.12406552
      0.31268000      0.27299611
      0.35083000      0.36806903
      0.39364000      0.42662388
      0.44167000      0.45841480
      0.49556000      0.47445517
      0.55603000      0.47861267
      0.62388000      0.47748335
      0.70000000      0.46703962
      0.78541000      0.45612617
      0.88125000      0.43899645
      0.98878000      0.42350575
       1.1094000      0.40453714
       1.2448000      0.38491892
       1.3967000      0.36875862
       1.5671000      0.34790114
       1.7583000      0.29918039
       1.9729000      0.26053359
       2.2136000      0.22073748
       2.4837000      0.17958219
       2.7868000      0.13438932
       3.1268000     0.092861252
       3.5083000     0.022058155
       3.9364000     0.022064386
       4.4167000     0.019536245
       4.9556000     0.016788212
       5.0000000     0.016463730
       5.0500000     0.017892975
       5.1000000     0.018723035
       5.1500000     0.018447881
       5.2000000     0.018208710
       5.2500000     0.018295244
       5.3000000     0.018870295
       5.3500000     0.019780396
       5.4000000     0.020399387
       5.4500000     0.019119588
       5.5000000     0.020550952
       5.5500000     0.020194848
       5.6000000     0.021562365
       5.6500000     0.021840416
       5.7000000     0.023047170
       5.7500000     0.023380428
       5.8000000     0.023190553
       5.8500000     0.024342966
       5.9000000     0.024660200
       5.9500000     0.026501079
       6.0000000     0.026474611
       6.0500000     0.026490436
       6.1000000     0.027076447
       6.1500000     0.027757223
       6.2000000     0.027925985
       6.2500000     0.028319847
       6.3000000     0.029573050
       6.3500000     0.030369396
       6.4000000     0.031822387
       6.4500000     0.032334067
       6.5000000     0.033328915
       6.5500000     0.033595234
       6.6000000     0.034619297
       6.6500000     0.035251458
       6.7000000     0.036169878
       6.7500000     0.037215871
       6.8000000     0.037855821
       6.8500000     0.038927113
       6.9000000     0.039559415
       6.9500000     0.040640686
       7.0000000     0.041743336
       7.0500000     0.042767131
       7.1000000     0.043808600
       7.1500000     0.045230852
       7.2000000     0.046422716
       7.2500000     0.047762574
       7.3000000     0.048781712
       7.3500000     0.050244680
       7.4000000     0.051583917
       7.4500000     0.053033374
       7.5000000     0.054635300
       7.5500000     0.056034478
       7.6000000     0.057721383
       7.6500000     0.059417035
       7.7000000     0.061261607
       7.7500000     0.063175766
       7.8000000     0.065250158
       7.8500000     0.067405214
       7.9000000     0.069751151
       7.9500000     0.072176092
       8.0000000     0.074751936
       8.0500000     0.077533656
       8.1000000     0.080435355
       8.1500000     0.083625909
       8.2000000     0.086992385
       8.2500000     0.090692024
       8.3000000     0.094722882
       8.3500000     0.099072316
       8.4000000      0.10393453
       8.4500000      0.10928358
       8.5000000      0.11533642
       8.5500000      0.12209174
       8.6000000      0.12992408
       8.6500000      0.13892683
       8.7000000      0.14950823
       8.7500000      0.16226685
       8.8000000      0.17781803
       8.8500000      0.19735032
       8.9000000      0.22284125
       8.9500000      0.25679241
       9.0000000      0.30468257
       9.0500000      0.37479513
       9.1000000      0.47981062
       9.1500000      0.63706181
       9.2000000      0.82825749
       9.2500000      0.95742749
       9.3000000      0.89237984
       9.3500000      0.74768279
       9.4000000      0.61740047
       9.4500000      0.53241992
       9.5000000      0.48283566
       9.5500000      0.45819087
       9.6000000      0.43249858
       9.6500000      0.42089212
       9.7000000      0.43916623
       9.7500000      0.47258409
       9.8000000      0.50352018
       9.8500000      0.53915128
       9.9000000      0.58280053
       9.9500000      0.65020671
       10.000000      0.77062407
       10.050000      0.97240455
       10.100000       1.1130028
       10.150000       1.2741727
       10.200000       1.3371119
       10.250000       1.2815951
       10.300000       1.3230676
       10.350000       1.4825656
       10.400000       1.4971903
       10.450000       1.3081066
       10.500000       1.1734429
       10.550000       1.0410798
       10.600000      0.93795731
       10.650000      0.88085986
       10.700000      0.82749918
       10.750000      0.78043007
       10.800000      0.76924580
       10.850000      0.76968516
       10.900000      0.77723616
       10.950000      0.76249043
       11.000000      0.74696667
       11.050000      0.74617562
       11.100000      0.75946303
       11.150000      0.78043525
       11.200000      0.80447193
       11.250000      0.84682542
       11.300000      0.92739594
       11.350000       1.0653033
       11.400000       1.2197000
       11.450000       1.3376847
       11.500000       1.4184878
       11.550000       1.4037857
       11.600000       1.3296537
       11.650000       1.3041796
       11.700000       1.3330304
       11.750000       1.4119660
       11.800000       1.5204714
       11.850000       1.5988772
       11.900000       1.6230827
       11.950000       1.5708852
       12.000000       1.4492130
       12.050000       1.3004110
       12.100000       1.1388061
       12.150000       1.0081897
       12.200000      0.89974089
       12.250000      0.82003764
       12.300000      0.77837831
       12.350000      0.74071421
       12.400000      0.66766240
       12.450000      0.60384909
       12.500000      0.56620305
       12.550000      0.54170754
       12.600000      0.52041090
       12.650000      0.49880366
       12.700000      0.47808785
       12.750000      0.45664389
       12.800000      0.43579030
       12.850000      0.41611240
       12.900000      0.39717030
       12.950000      0.37833132
       13.000000      0.36019583
       13.050000      0.34313406
       13.100000      0.32772254
       13.150000      0.31458751
       13.200000      0.30397527
       13.250000      0.29547225
       13.300000      0.28901145
       13.350000      0.28377626
       13.400000      0.27946679
       13.450000      0.27562325
       13.500000      0.27201604
       13.550000      0.26833876
       13.600000      0.26451161
       13.650000      0.26072128
       13.700000      0.25686446
       13.750000      0.25313113
       13.800000      0.24962455
       13.850000      0.24647466
       13.900000      0.24369474
       13.950000      0.24136468
       14.000000      0.23956115
       14.050000      0.23826742
       14.100000      0.23753673
       14.150000      0.23732912
       14.200000      0.23764120
       14.250000      0.23849296
       14.300000      0.23979441
       14.350000      0.24155553
       14.400000      0.24384620
       14.450000      0.24649659
       14.500000      0.24957327
       14.550000      0.25302629
       14.600000      0.25695217
       14.650000      0.26133765
       14.700000      0.26619933
       14.750000      0.27168042
       14.800000      0.27791746
       14.850000      0.28479390
       14.900000      0.29275266
       14.950000      0.30179703
       15.000000      0.31245986
       15.050000      0.32460128
       15.100000      0.33940012
       15.150000      0.35665323
       15.200000      0.37771263
       15.250000      0.40323764
       15.300000      0.43469347
       15.350000      0.47280939
       15.400000      0.51673291
       15.450000      0.56427957
       15.500000      0.60701112
       15.550000      0.63842077
       15.600000      0.65494873
       15.650000      0.66017478
       15.700000      0.65788843
       15.750000      0.65150960
       15.800000      0.64277660
       15.850000      0.63465641
       15.900000      0.63134815
       15.950000      0.63718754
       16.000000      0.65458886
       16.050000      0.68172386
       16.100000      0.71672786
       16.150000      0.75445591
       16.200000      0.79556753
       16.250000      0.83553045
       16.300000      0.87545037
       16.350000      0.91362230
       16.400000      0.95030272
       16.450000      0.98544502
       16.500000       1.0178738
       16.550000       1.0491275
       16.600000       1.0753501
       16.650000       1.0959857
       16.700000       1.1087531
       16.750000       1.1131764
       16.800000       1.1120996
       16.850000       1.1056360
       16.900000       1.0965198
       16.950000       1.0868924
       17.000000       1.0765511
       17.050000       1.0687368
       17.100000       1.0655807
       17.150000       1.0694649
       17.200000       1.0860546
       17.250000       1.1143543
       17.300000       1.1557429
       17.350000       1.2108327
       17.400000       1.2685870
       17.450000       1.3181787
       17.500000       1.3493455
       17.550000       1.3607870
       17.600000       1.3569331
       17.650000       1.3443466
       17.700000       1.3260932
       17.750000       1.3051384
       17.800000       1.2838147
       17.850000       1.2615894
       17.900000       1.2381295
       17.950000       1.2161332
       18.000000       1.2002314
       18.050000       1.1950553
       18.100000       1.2044043
       18.150000       1.2283464
       18.200000       1.2632522
       18.250000       1.3047590
       18.300000       1.3483038
       18.350000       1.3919879
       18.400000       1.4331785
       18.450000       1.4734405
       18.500000       1.5133385
       18.550000       1.5530039
       18.600000       1.5936351
       18.650000       1.6355976
       18.700000       1.6809916
       18.750000       1.7314167
       18.800000       1.7859070
       18.850000       1.8418632
       18.900000       1.9008188
       18.950000       1.9512065
       19.000000       1.9885587
       19.050000       2.0082085
       19.100000       2.0114894
       19.150000       2.0036021
       19.200000       1.9909479
       19.250000       1.9801940
       19.300000       1.9761071
       19.350000       1.9822869
       19.400000       1.9961328
       19.450000       2.0158778
       19.500000       2.0404879
       19.550000       2.0687961
       19.600000       2.1012007
       19.650000       2.1359358
       19.700000       2.1722016
       19.750000       2.2086654
       19.800000       2.2452937
       19.850000       2.2818529
       19.900000       2.3186094
       19.950000       2.3495695
       20.000000       2.3727688
       20.050000       2.3861430
       20.100000       2.3898922
       20.150000       2.3866145
       20.200000       2.3795407
       20.250000       2.3695701
       20.300000       2.3573693
       20.350000       2.3424392
       20.400000       2.3234807
       20.450000       2.3015930
       20.500000       2.2783075
       20.550000       2.2549223
       20.600000       2.2330355
       20.650000       2.2133795
       20.700000       2.1967875
       20.750000       2.1829604
       20.800000       2.1718662
       20.850000       2.1631726
       20.900000       2.1574467
       20.950000       2.1538559
       21.000000       2.1519000
       21.050000       2.1512452
       21.100000       2.1512579
       21.150000       2.1512050
       21.200000       2.1503864
       21.250000       2.1479368
       21.300000       2.1430236
       21.350000       2.1346483
       21.400000       2.1232777
       21.450000       2.1088784
       21.500000       2.0929490
       21.550000       2.0774542
       21.600000       2.0645915
       21.650000       2.0558924
       21.700000       2.0521889
       21.750000       2.0533139
       21.800000       2.0581672
       21.850000       2.0652489
       21.900000       2.0728594
       21.950000       2.0792660
       22.000000       2.0820031
       22.050000       2.0785063
       22.100000       2.0664441
       22.150000       2.0462163
       22.200000       2.0203869
       22.250000       1.9931534
       22.300000       1.9662822
       22.350000       1.9402086
       22.400000       1.9148685
       22.450000       1.8905304
       22.500000       1.8678618
       22.550000       1.8472624
       22.600000       1.8279983
       22.650000       1.8090360
       22.700000       1.7900753
       22.750000       1.7713833
       22.800000       1.7534271
       22.850000       1.7369400
       22.900000       1.7209551
       22.950000       1.7044387
       23.000000       1.6870896
       23.050000       1.6693733
       23.100000       1.6513563
       23.150000       1.6338713
       23.200000       1.6172847
       23.250000       1.6018967
       23.300000       1.5879739
       23.350000       1.5758498
       23.400000       1.5658578
       23.450000       1.5584313
       23.500000       1.5539039
       23.550000       1.5524756
       23.600000       1.5545466
       23.650000       1.5604837
       23.700000       1.5707534
       23.750000       1.5858227
       23.800000       1.6060581
       23.850000       1.6319263
       23.900000       1.6633936
       23.950000       1.6994599
       24.000000       1.7384916
       24.050000       1.7774888
       24.100000       1.8129849
       24.150000       1.8433807
       24.200000       1.8674436
       24.250000       1.8843069
       24.300000       1.8929372
       24.350000       1.8936337
       24.400000       1.8892964
       24.450000       1.8843920
       24.500000       1.8822535
       24.550000       1.8835812
       24.600000       1.8884068
       24.650000       1.8978267
       24.700000       1.9112733
       24.750000       1.9273814
       24.800000       1.9404241
       24.850000       1.9470396
       24.900000       1.9486947
       24.950000       1.9485201
       25.000000       1.9506788
       25.050000       1.9582345
       25.100000       1.9726857
       25.150000       1.9937324
       25.200000       2.0194095
       25.250000       2.0466198
       25.300000       2.0728986
       25.350000       2.0977460
       25.400000       2.1216613
       25.450000       2.1444437
       25.500000       2.1658931
       25.550000       2.1850769
       25.600000       2.2020954
       25.650000       2.2170485
       25.700000       2.2298033
       25.750000       2.2397939
       25.800000       2.2455216
       25.850000       2.2442558
       25.900000       2.2322332
       25.950000       2.2059905
       26.000000       2.1670255
       26.050000       2.1197666
       26.100000       2.0695745
       26.150000       2.0205454
       26.200000       1.9753442
       26.250000       1.9351042
       26.300000       1.8996496
       26.350000       1.8696407
       26.400000       1.8464474
       26.450000       1.8289510
       26.500000       1.8172820
       26.550000       1.8114606
       26.600000       1.8111803
       26.650000       1.8159744
       26.700000       1.8252264
       26.750000       1.8382462
       26.800000       1.8557070
       26.850000       1.8748994
       26.900000       1.8942575
       26.950000       1.9112824
       27.000000       1.9234421
       27.050000       1.9287048
       27.100000       1.9257386
       27.150000       1.9146774
       27.200000       1.8955550
       27.250000       1.8698041
       27.300000       1.8388905
       27.350000       1.8047795
       27.400000       1.7695363
       27.450000       1.7343599
       27.500000       1.7007659
       27.550000       1.6690773
       27.600000       1.6396939
       27.650000       1.6130086
       27.700000       1.5888150
       27.750000       1.5667034
       27.800000       1.5471137
       27.850000       1.5293198
       27.900000       1.5130986
       27.950000       1.4981635
       28.000000       1.4843148
       28.050000       1.4716087
       28.100000       1.4602455
       28.150000       1.4510847
       28.200000       1.4437227
       28.250000       1.4382925
       28.300000       1.4347507
       28.350000       1.4330937
       28.400000       1.4343949
       28.450000       1.4381410
       28.500000       1.4432252
       28.550000       1.4490745
       28.600000       1.4552790
       28.650000       1.4617960
       28.700000       1.4687028
       28.750000       1.4738464
       28.800000       1.4766279
       28.850000       1.4763846
       28.900000       1.4726640
       28.950000       1.4663531
       29.000000       1.4564418
       29.050000       1.4437160
       29.100000       1.4293218
       29.150000       1.4144314
       29.200000       1.4003574
       29.250000       1.3872724
       29.300000       1.3754562
       29.350000       1.3653717
       29.400000       1.3574324
       29.450000       1.3526247
       29.500000       1.3505955
       29.550000       1.3513080
       29.600000       1.3544453
       29.650000       1.3593506
       29.700000       1.3653302
       29.750000       1.3716806
       29.800000       1.3783584
       29.850000       1.3860807
       29.900000       1.3962178
       29.950000       1.4098899
       30.000000       1.4273446
       30.050000       1.4482430
       30.100000       1.4717460
       30.150000       1.4969276
       30.200000       1.5215924
       30.250000       1.5434909
       30.300000       1.5604564
       30.350000       1.5713412
       30.400000       1.5753442
       30.450000       1.5723973
       30.500000       1.5638791
       30.550000       1.5528182
       30.600000       1.5419204
       30.650000       1.5335189
       30.700000       1.5295172
       30.750000       1.5317580
       30.800000       1.5416375
       30.850000       1.5575311
       30.900000       1.5784993
       30.950000       1.6048153
       31.000000       1.6353998
       31.050000       1.6674748
       31.100000       1.6994079
       31.150000       1.7297798
       31.200000       1.7567784
       31.250000       1.7784548
       31.300000       1.7943188
       31.350000       1.8038708
       31.400000       1.8078967
       31.450000       1.8082614
       31.500000       1.8056578
       31.550000       1.8023880
       31.600000       1.8004172
       31.650000       1.7982140
       31.700000       1.7953792
       31.750000       1.7947111
       31.800000       1.7946114
       31.850000       1.7951467
       31.900000       1.7978154
       31.950000       1.8073480
       32.000000       1.8204465
       32.050000       1.8364110
       32.100000       1.8551755
       32.150000       1.8768738
       32.200000       1.8981405
       32.250000       1.9184086
       32.300000       1.9401106
       32.350000       1.9615466
       32.400000       1.9824830
       32.450000       2.0038528
       32.500000       2.0276212
       32.550000       2.0507551
       32.600000       2.0728539
       32.650000       2.0946500
       32.700000       2.1155097
       32.750000       2.1344670
       32.800000       2.1518220
       32.850000       2.1696402
       32.900000       2.1858902
       32.950000       2.2002729
       33.000000       2.2145873
       33.050000       2.2276681
       33.100000       2.2385498
       33.150000       2.2481654
       33.200000       2.2579803
       33.250000       2.2666959
       33.300000       2.2747119
       33.350000       2.2868906
       33.400000       2.3003348
       33.450000       2.3149112
       33.500000       2.3336172
       33.550000       2.3545215
       33.600000       2.3747599
       33.650000       2.3946324
       33.700000       2.4128407
       33.750000       2.4257212
       33.800000       2.4330075
       33.850000       2.4358329
       33.900000       2.4325644
       33.950000       2.4234349
       34.000000       2.4121760
       34.050000       2.3977538
       34.100000       2.3794016
       34.150000       2.3620503
       34.200000       2.3438002
       34.250000       2.3220860
       34.300000       2.3034371
       34.350000       2.2858879
       34.400000       2.2641744
       34.450000       2.2457591
       34.500000       2.2289428
       34.550000       2.2070625
       34.600000       2.1873808
       34.650000       2.1694309
       34.700000       2.1472163
       34.750000       2.1280657
       34.800000       2.1123451
       34.850000       2.0955574
       34.900000       2.0833656
       34.950000       2.0755698
       35.000000       2.0688722
       39.271000      0.64963143
       44.062000      0.47286985
       49.439000     0.092058585
       55.471000     0.039539888
       62.240000     0.022424678
       69.834000     0.014329418
       78.355000    0.0097681467
       87.916000    0.0069260763
       98.643000    0.0050489111
       110.68000    0.0037454042
       124.18000    0.0028170006
       139.34000    0.0025106340
       156.34000    0.0022376492
       175.42000    0.0019942816
       196.82000    0.0017773996
       220.84000    0.0015841381
       247.78000    0.0014118318
       278.01000    0.0012582820
       311.94000    0.0011214898
       350.00000   0.00099951283
       392.71000   0.00089082198
       440.62000   0.00079393802
       494.39000   0.00070759500
       554.71000   0.00063064353
       622.40000   0.00056206418
       698.34000   0.00050094077
       783.55000   0.00044646375
       879.16000   0.00039791349
       986.43000   0.00035463704
       1000.0000   0.00034982633
