        1059
     0.277132  3.81198e-07      2.21180
     0.307210  4.46738e-07      1.76299
     0.340551  5.42132e-07      1.48641
     0.377511  6.81282e-07      1.18844
     0.418482  8.05445e-07     0.846590
     0.463900  9.12543e-07     0.583006
     0.514247  1.03520e-06     0.410537
     0.570058  1.19299e-06     0.295732
     0.631927  1.39519e-06     0.214697
     0.700510  1.64904e-06     0.155367
     0.776536  1.96335e-06     0.111505
     0.860813  2.34943e-06    0.0792595
     0.954238  2.82283e-06    0.0558077
      1.05780  3.40288e-06    0.0389606
      1.17260  4.11562e-06    0.0269866
      1.29987  4.99172e-06    0.0185668
      1.44094  6.07422e-06    0.0126912
      1.59733  7.41065e-06   0.00862863
      1.77068  9.07414e-06   0.00583270
      1.96286  1.11379e-05   0.00392549
      2.17588  1.37331e-05   0.00262664
      2.41203  1.69717e-05   0.00175106
      2.67381  2.11073e-05   0.00115942
      2.96400  2.63093e-05  0.000765178
      3.28568  3.31194e-05  0.000500176
      3.64228  4.17833e-05  0.000325962
      4.03757  5.36215e-05  0.000209073
      4.47577  6.89461e-05  0.000133706
      4.96153  9.16213e-05  8.28383e-05
      5.50000  0.000121809  5.11885e-05
      5.51093  0.000122512  5.07015e-05
      5.52189  0.000123252  5.02059e-05
      5.53287  0.000123998  4.97144e-05
      5.54387  0.000124750  4.92270e-05
      5.55489  0.000125509  4.87437e-05
      5.56593  0.000126273  4.82644e-05
      5.57700  0.000127044  4.77892e-05
      5.58809  0.000127821  4.73179e-05
      5.59920  0.000128606  4.68505e-05
      5.61033  0.000129396  4.63871e-05
      5.62148  0.000130193  4.59275e-05
      5.63266  0.000130997  4.54718e-05
      5.64386  0.000131807  4.50199e-05
      5.65508  0.000132625  4.45718e-05
      5.66632  0.000133449  4.41275e-05
      5.67759  0.000134281  4.36869e-05
      5.68887  0.000135119  4.32500e-05
      5.70018  0.000135965  4.28167e-05
      5.71151  0.000136819  4.23871e-05
      5.72287  0.000137679  4.19611e-05
      5.73425  0.000138547  4.15386e-05
      5.74565  0.000139423  4.11197e-05
      5.75707  0.000140306  4.07043e-05
      5.76852  0.000141197  4.02925e-05
      5.77998  0.000142095  3.98841e-05
      5.79148  0.000143002  3.94791e-05
      5.80299  0.000143917  3.90775e-05
      5.81453  0.000144840  3.86793e-05
      5.82609  0.000145771  3.82844e-05
      5.83767  0.000146710  3.78929e-05
      5.84928  0.000147658  3.75047e-05
      5.86090  0.000148614  3.71197e-05
      5.87256  0.000149580  3.67380e-05
      5.88423  0.000150554  3.63595e-05
      5.89593  0.000151537  3.59842e-05
      5.90765  0.000152528  3.56121e-05
      5.91940  0.000153529  3.52431e-05
      5.93116  0.000154539  3.48771e-05
      5.94296  0.000155559  3.45143e-05
      5.95477  0.000156588  3.41546e-05
      5.96661  0.000157626  3.37979e-05
      5.97847  0.000158675  3.34441e-05
      5.99036  0.000159733  3.30935e-05
      6.00227  0.000160801  3.27457e-05
      6.01420  0.000161880  3.24009e-05
      6.02616  0.000162968  3.20590e-05
      6.03814  0.000164067  3.17200e-05
      6.05014  0.000165177  3.13838e-05
      6.06217  0.000166297  3.10506e-05
      6.07422  0.000167428  3.07201e-05
      6.08630  0.000168570  3.03924e-05
      6.09840  0.000169723  3.00675e-05
      6.11052  0.000170888  2.97454e-05
      6.12267  0.000172063  2.94259e-05
      6.13484  0.000173251  2.91092e-05
      6.14704  0.000174450  2.87952e-05
      6.15926  0.000175662  2.84838e-05
      6.17151  0.000176885  2.81751e-05
      6.18378  0.000178120  2.78690e-05
      6.19607  0.000179368  2.75655e-05
      6.20839  0.000180629  2.72646e-05
      6.22073  0.000181902  2.69662e-05
      6.23310  0.000183189  2.66703e-05
      6.24549  0.000184488  2.63770e-05
      6.25791  0.000185802  2.60861e-05
      6.27035  0.000187128  2.57977e-05
      6.28281  0.000188468  2.55118e-05
      6.29530  0.000189823  2.52283e-05
      6.30782  0.000191191  2.49472e-05
      6.32036  0.000192574  2.46685e-05
      6.33293  0.000193972  2.43922e-05
      6.34552  0.000195384  2.41183e-05
      6.35813  0.000196811  2.38466e-05
      6.37077  0.000198254  2.35773e-05
      6.38344  0.000199713  2.33103e-05
      6.39613  0.000201186  2.30455e-05
      6.40885  0.000202677  2.27830e-05
      6.42159  0.000204183  2.25227e-05
      6.43435  0.000205706  2.22647e-05
      6.44715  0.000207245  2.20088e-05
      6.45996  0.000208802  2.17552e-05
      6.47281  0.000210375  2.15037e-05
      6.48567  0.000211967  2.12543e-05
      6.49857  0.000213577  2.10071e-05
      6.51149  0.000215204  2.07620e-05
      6.52443  0.000216850  2.05190e-05
      6.53741  0.000218515  2.02780e-05
      6.55040  0.000220199  2.00391e-05
      6.56343  0.000221902  1.98022e-05
      6.57647  0.000223625  1.95674e-05
      6.58955  0.000225368  1.93346e-05
      6.60265  0.000227132  1.91038e-05
      6.61578  0.000228915  1.88749e-05
      6.62893  0.000230721  1.86480e-05
      6.64211  0.000232547  1.84231e-05
      6.65531  0.000234396  1.82001e-05
      6.66854  0.000236266  1.79789e-05
      6.68180  0.000238159  1.77597e-05
      6.69509  0.000240075  1.75424e-05
      6.70840  0.000242015  1.73269e-05
      6.72173  0.000243978  1.71132e-05
      6.73510  0.000245965  1.69014e-05
      6.74849  0.000247977  1.66914e-05
      6.76190  0.000250014  1.64832e-05
      6.77535  0.000252076  1.62768e-05
      6.78882  0.000254165  1.60722e-05
      6.80231  0.000256280  1.58693e-05
      6.81584  0.000258421  1.56682e-05
      6.82939  0.000260591  1.54688e-05
      6.84296  0.000262788  1.52710e-05
      6.85657  0.000265013  1.50750e-05
      6.87020  0.000267268  1.48807e-05
      6.88386  0.000269552  1.46881e-05
      6.89754  0.000271866  1.44971e-05
      6.91126  0.000274211  1.43077e-05
      6.92500  0.000276588  1.41200e-05
      6.93877  0.000278996  1.39339e-05
      6.95256  0.000281436  1.37494e-05
      6.96638  0.000283910  1.35665e-05
      6.98023  0.000286418  1.33851e-05
      6.99411  0.000288960  1.32054e-05
      7.00801  0.000291537  1.30271e-05
      7.02195  0.000294150  1.28504e-05
      7.03591  0.000296800  1.26752e-05
      7.04990  0.000299487  1.25016e-05
      7.06391  0.000302212  1.23295e-05
      7.07795  0.000304976  1.21588e-05
      7.09203  0.000307779  1.19896e-05
      7.10613  0.000310624  1.18218e-05
      7.12025  0.000313509  1.16556e-05
      7.13441  0.000316437  1.14907e-05
      7.14859  0.000319409  1.13273e-05
      7.16281  0.000322424  1.11653e-05
      7.17705  0.000325484  1.10047e-05
      7.19131  0.000328591  1.08454e-05
      7.20561  0.000331744  1.06876e-05
      7.21994  0.000334946  1.05311e-05
      7.23429  0.000338197  1.03760e-05
      7.24867  0.000341498  1.02222e-05
      7.26308  0.000344850  1.00698e-05
      7.27752  0.000348256  9.91871e-06
      7.29199  0.000351715  9.76894e-06
      7.30649  0.000355229  9.62045e-06
      7.32102  0.000358800  9.47324e-06
      7.33557  0.000362427  9.32734e-06
      7.35015  0.000366115  9.18270e-06
      7.36477  0.000369863  9.03932e-06
      7.37941  0.000373673  8.89720e-06
      7.39408  0.000377546  8.75632e-06
      7.40878  0.000381484  8.61667e-06
      7.42351  0.000385489  8.47826e-06
      7.43827  0.000389561  8.34105e-06
      7.45306  0.000393704  8.20504e-06
      7.46787  0.000397919  8.07024e-06
      7.48272  0.000402207  7.93662e-06
      7.49760  0.000406571  7.80418e-06
      7.51250  0.000411012  7.67290e-06
      7.52744  0.000415533  7.54280e-06
      7.54240  0.000420135  7.41384e-06
      7.55740  0.000424821  7.28602e-06
      7.57242  0.000429593  7.15934e-06
      7.58748  0.000434453  7.03380e-06
      7.60256  0.000439404  6.90937e-06
      7.61768  0.000444447  6.78605e-06
      7.63282  0.000449587  6.66384e-06
      7.64800  0.000454825  6.54272e-06
      7.66320  0.000460165  6.42270e-06
      7.67844  0.000465608  6.30375e-06
      7.69370  0.000471160  6.18589e-06
      7.70900  0.000476821  6.06910e-06
      7.72432  0.000482596  5.95337e-06
      7.73968  0.000488487  5.83869e-06
      7.75507  0.000494499  5.72508e-06
      7.77048  0.000500636  5.61250e-06
      7.78593  0.000506899  5.50096e-06
      7.80141  0.000513296  5.39047e-06
      7.81692  0.000519828  5.28099e-06
      7.83246  0.000526500  5.17255e-06
      7.84803  0.000533317  5.06512e-06
      7.86364  0.000540284  4.95872e-06
      7.87927  0.000547405  4.85332e-06
      7.89494  0.000554685  4.74893e-06
      7.91063  0.000562131  4.64555e-06
      7.92636  0.000569747  4.54317e-06
      7.94212  0.000577538  4.44179e-06
      7.95791  0.000585513  4.34141e-06
      7.97373  0.000593675  4.24202e-06
      7.98958  0.000602034  4.14362e-06
      8.00546  0.000610594  4.04622e-06
      8.02138  0.000619365  3.94981e-06
      8.03733  0.000628353  3.85440e-06
      8.05331  0.000637566  3.75997e-06
      8.06932  0.000647013  3.66654e-06
      8.08536  0.000656705  3.57410e-06
      8.10143  0.000666648  3.48266e-06
      8.11754  0.000676853  3.39222e-06
      8.13368  0.000687333  3.30279e-06
      8.14985  0.000698095  3.21436e-06
      8.16605  0.000709154  3.12694e-06
      8.18229  0.000720521  3.04053e-06
      8.19855  0.000732206  2.95515e-06
      8.21485  0.000744229  2.87081e-06
      8.23118  0.000756603  2.78750e-06
      8.24755  0.000769340  2.70524e-06
      8.26395  0.000782457  2.62405e-06
      8.28038  0.000795975  2.54393e-06
      8.29684  0.000809910  2.46488e-06
      8.31333  0.000824281  2.38695e-06
      8.32986  0.000839111  2.31013e-06
      8.34642  0.000854423  2.23445e-06
      8.36301  0.000870239  2.15992e-06
      8.37964  0.000886586  2.08657e-06
      8.39630  0.000903493  2.01442e-06
      8.41299  0.000920987  1.94350e-06
      8.42972  0.000939101  1.87384e-06
      8.44648  0.000957872  1.80547e-06
      8.46327  0.000977333  1.73842e-06
      8.48010  0.000997527  1.67274e-06
      8.49695   0.00101850  1.60846e-06
      8.51385   0.00104029  1.54564e-06
      8.53077   0.00106295  1.48432e-06
      8.54773   0.00108654  1.42455e-06
      8.56473   0.00111113  1.36641e-06
      8.58175   0.00113677  1.30996e-06
      8.59882   0.00116354  1.25527e-06
      8.61591   0.00119152  1.20243e-06
      8.63304   0.00122080  1.15151e-06
      8.65020   0.00125148  1.10264e-06
      8.66740   0.00128365  1.05592e-06
      8.68463   0.00131746  1.01147e-06
      8.70190   0.00135304  9.69433e-07
      8.71920   0.00139052  9.29956e-07
      8.73653   0.00143010  8.93215e-07
      8.75390   0.00147196  8.59398e-07
      8.77131   0.00151631  8.28730e-07
      8.78874   0.00156342  8.01448e-07
      8.80622   0.00161359  7.77829e-07
      8.82372   0.00166712  7.58190e-07
      8.84127   0.00172443  7.42895e-07
      8.85884   0.00178596  7.32350e-07
      8.87646   0.00185226  7.27031e-07
      8.89410   0.00192396  7.27500e-07
      8.91179   0.00200185  7.34401e-07
      8.92950   0.00208683  7.48491e-07
      8.94726   0.00218006  7.70684e-07
      8.96504   0.00228293  8.02061e-07
      8.98287   0.00239720  8.43932e-07
      9.00073   0.00252511  8.97913e-07
      9.01862   0.00266952  9.65988e-07
      9.03655   0.00283418  1.05068e-06
      9.05452   0.00302409  1.15518e-06
      9.07252   0.00324605  1.28369e-06
      9.09055   0.00350954  1.44179e-06
      9.10863   0.00382809  1.63710e-06
      9.12674   0.00422169  1.88038e-06
      9.14488   0.00472102  2.18730e-06
      9.16306   0.00537497  2.58174e-06
      9.18128   0.00626625  3.10193e-06
      9.19953   0.00754351  3.81309e-06
      9.21782   0.00949691  4.83534e-06
      9.23615    0.0127513  6.41168e-06
      9.25451    0.0188006  9.08042e-06
      9.27291    0.0311986  1.39787e-05
      9.29134    0.0528282  2.14778e-05
      9.30982    0.0695459  2.60535e-05
      9.32832    0.0717026  2.50936e-05
      9.34687    0.0659974  2.13968e-05
      9.36545    0.0571725  1.67287e-05
      9.38407    0.0472764  1.19241e-05
      9.40273    0.0373138  7.52356e-06
      9.42142    0.0279893  4.02340e-06
      9.44015    0.0201559  1.91791e-06
      9.45892    0.0149156  1.34003e-06
      9.47773    0.0122152  1.66569e-06
      9.49657    0.0109576  2.36282e-06
      9.51545    0.0104616  3.28170e-06
      9.53436    0.0104360  4.41529e-06
      9.55332    0.0107629  5.81012e-06
      9.57231    0.0114103  7.55250e-06
      9.59134    0.0124029  9.78013e-06
      9.61041    0.0138229  1.27145e-05
      9.62952    0.0158349  1.67285e-05
      9.64866    0.0187497  2.24949e-05
      9.66785    0.0231653  3.13355e-05
      9.68707    0.0303748  4.61226e-05
      9.70632    0.0433861  7.35548e-05
      9.72562    0.0674415  0.000125683
      9.74496    0.0987764  0.000194787
      9.76433     0.121775  0.000245429
      9.78374     0.136305  0.000276958
      9.80319     0.146668  0.000299199
      9.82268     0.154971  0.000317003
      9.84221     0.162135  0.000332446
      9.86178     0.168601  0.000346468
      9.88139     0.174615  0.000359523
      9.90103     0.180335  0.000371842
      9.92072     0.185894  0.000383539
      9.94044     0.191432  0.000394667
      9.96020     0.197151  0.000405256
      9.98000     0.203397  0.000415355
      9.99984     0.210878  0.000425086
      10.0197     0.221249  0.000434814
      10.0396     0.238712  0.000445512
      10.0596     0.270465  0.000458213
      10.0796     0.307444  0.000467725
      10.0996     0.317987  0.000466998
      10.1197     0.309885  0.000460122
      10.1398     0.308498  0.000449935
      10.1600     0.299627  0.000432096
      10.1802     0.269398  0.000403983
      10.2004     0.239336  0.000362777
      10.2207     0.203857  0.000298891
      10.2410     0.155554  0.000211981
      10.2614     0.107396  0.000133606
      10.2818    0.0766504  8.44549e-05
      10.3022    0.0613911  5.65607e-05
      10.3227    0.0562262  3.98311e-05
      10.3432    0.0604014  2.95580e-05
      10.3638    0.0807799  2.61355e-05
      10.3844     0.135892  4.22616e-05
      10.4051     0.202818  0.000104655
      10.4257     0.205032  0.000172642
      10.4465     0.140888  0.000147328
      10.4672    0.0915711  9.80714e-05
      10.4880    0.0673272  7.17963e-05
      10.5089    0.0516929  5.75776e-05
      10.5298    0.0402411  4.97359e-05
      10.5507    0.0326762  4.67617e-05
      10.5717    0.0300042  4.79979e-05
      10.5927    0.0311662  5.32084e-05
      10.6138    0.0358591  6.43319e-05
      10.6349    0.0462207  8.71262e-05
      10.6560    0.0670845  0.000133035
      10.6772    0.0956414  0.000196497
      10.6984     0.116447  0.000242620
      10.7197     0.129210  0.000270507
      10.7410     0.138284  0.000290147
      10.7624     0.145828  0.000306553
      10.7838     0.152928  0.000322255
      10.8052     0.160408  0.000339287
      10.8267     0.169555  0.000360886
      10.8482     0.183819  0.000395855
      10.8698     0.214006  0.000472728
      10.8914     0.256937  0.000585027
      10.9130     0.281013  0.000648904
      10.9347     0.295291  0.000687566
      10.9565     0.306140  0.000718012
      10.9783     0.315416  0.000745211
      11.0001     0.323781  0.000770899
      11.0220     0.331521  0.000795784
      11.0439     0.338777  0.000820190
      11.0658     0.345627  0.000844259
      11.0878     0.352116  0.000868045
      11.1099     0.358265  0.000891546
      11.1320     0.364086  0.000914722
      11.1541     0.369575  0.000937490
      11.1763     0.374719  0.000959734
      11.1985     0.379496  0.000981302
      11.2207     0.383857   0.00100195
      11.2431     0.387738   0.00102139
      11.2654     0.391029   0.00103915
      11.2878     0.393564   0.00105460
      11.3102     0.395064   0.00106674
      11.3327     0.395046   0.00107395
      11.3553     0.392615   0.00107339
      11.3778     0.385953   0.00105948
      11.4005     0.371027   0.00102001
      11.4231     0.339070  0.000929397
      11.4458     0.279425  0.000760537
      11.4686     0.184746  0.000474561
      11.4914    0.0935907  0.000251844
      11.5142    0.0571369  0.000156532
      11.5371    0.0408614  0.000112217
      11.5601    0.0318398  8.68050e-05
      11.5830    0.0262346  7.02638e-05
      11.6061    0.0225487  5.85977e-05
      11.6291    0.0200916  4.98975e-05
      11.6523    0.0185215  4.31334e-05
      11.6754    0.0176802  3.77002e-05
      11.6986    0.0175322  3.32212e-05
      11.7219    0.0181545  2.94542e-05
      11.7452    0.0197635  2.62503e-05
      11.7686    0.0227853  2.35442e-05
      11.7920    0.0279640  2.13848e-05
      11.8154    0.0363787  2.00200e-05
      11.8389    0.0487832  1.99998e-05
      11.8624    0.0634327  2.20111e-05
      11.8860    0.0743047  2.59835e-05
      11.9096    0.0751295  3.01743e-05
      11.9333    0.0656707  3.22137e-05
      11.9570    0.0514645  3.13834e-05
      11.9808    0.0384713  2.89197e-05
      12.0046    0.0289116  2.61740e-05
      12.0285    0.0223594  2.37226e-05
      12.0524    0.0178707  2.16638e-05
      12.0764    0.0147176  1.99479e-05
      12.1004    0.0124320  1.85034e-05
      12.1244    0.0107239  1.72697e-05
      12.1485   0.00941170  1.62008e-05
      12.1727   0.00837889  1.52627e-05
      12.1969   0.00754883  1.44300e-05
      12.2211   0.00686948  1.36838e-05
      12.2454   0.00630456  1.30095e-05
      12.2698   0.00582835  1.23958e-05
      12.2942   0.00542209  1.18339e-05
      12.3186   0.00507184  1.13168e-05
      12.3431   0.00476710  1.08385e-05
      12.3676   0.00449977  1.03945e-05
      12.3922   0.00426356  9.98062e-06
      12.4169   0.00405352  9.59377e-06
      12.4416   0.00386568  9.23102e-06
      12.4663   0.00369684  8.89003e-06
      12.4911   0.00354438  8.56868e-06
      12.5159   0.00340615  8.26524e-06
      12.5408   0.00328036  7.97813e-06
      12.5657   0.00316551  7.70589e-06
      12.5907   0.00306036  7.44741e-06
      12.6157   0.00296383  7.20156e-06
      12.6408   0.00287499  6.96740e-06
      12.6660   0.00279307  6.74406e-06
      12.6911   0.00271739  6.53077e-06
      12.7164   0.00264735  6.32683e-06
      12.7416   0.00258245  6.13161e-06
      12.7670   0.00252223  5.94454e-06
      12.7924   0.00246629  5.76510e-06
      12.8178   0.00241430  5.59282e-06
      12.8433   0.00236592  5.42725e-06
      12.8688   0.00232090  5.26801e-06
      12.8944   0.00227900  5.11472e-06
      12.9200   0.00223997  4.96706e-06
      12.9457   0.00220363  4.82470e-06
      12.9715   0.00216982  4.68737e-06
      12.9972   0.00213835  4.55479e-06
      13.0231   0.00210910  4.42672e-06
      13.0490   0.00208193  4.30293e-06
      13.0749   0.00205673  4.18321e-06
      13.1009   0.00203338  4.06735e-06
      13.1270   0.00201181  3.95517e-06
      13.1531   0.00199191  3.84651e-06
      13.1792   0.00197361  3.74119e-06
      13.2054   0.00195684  3.63906e-06
      13.2317   0.00194153  3.53999e-06
      13.2580   0.00192763  3.44383e-06
      13.2843   0.00191508  3.35047e-06
      13.3107   0.00190384  3.25978e-06
      13.3372   0.00189385  3.17166e-06
      13.3637   0.00188509  3.08600e-06
      13.3903   0.00187753  3.00269e-06
      13.4169   0.00187111  2.92166e-06
      13.4436   0.00186583  2.84280e-06
      13.4703   0.00186166  2.76603e-06
      13.4971   0.00185857  2.69129e-06
      13.5239   0.00185656  2.61848e-06
      13.5508   0.00185560  2.54755e-06
      13.5777   0.00185568  2.47843e-06
      13.6047   0.00185681  2.41104e-06
      13.6318   0.00185896  2.34533e-06
      13.6589   0.00186215  2.28125e-06
      13.6860   0.00186636  2.21874e-06
      13.7132   0.00187161  2.15774e-06
      13.7405   0.00187789  2.09822e-06
      13.7678   0.00188522  2.04011e-06
      13.7952   0.00189360  1.98339e-06
      13.8226   0.00190306  1.92800e-06
      13.8501   0.00191359  1.87391e-06
      13.8776   0.00192524  1.82108e-06
      13.9052   0.00193802  1.76947e-06
      13.9329   0.00195196  1.71905e-06
      13.9606   0.00196708  1.66978e-06
      13.9883   0.00198342  1.62165e-06
      14.0161   0.00200102  1.57461e-06
      14.0440   0.00201992  1.52864e-06
      14.0719   0.00204018  1.48371e-06
      14.0999   0.00206183  1.43980e-06
      14.1279   0.00208494  1.39689e-06
      14.1560   0.00210958  1.35496e-06
      14.1842   0.00213581  1.31398e-06
      14.2124   0.00216371  1.27393e-06
      14.2406   0.00219337  1.23481e-06
      14.2689   0.00222488  1.19660e-06
      14.2973   0.00225834  1.15927e-06
      14.3257   0.00229389  1.12282e-06
      14.3542   0.00233163  1.08724e-06
      14.3827   0.00237172  1.05252e-06
      14.4113   0.00241431  1.01865e-06
      14.4400   0.00245958  9.85626e-07
      14.4687   0.00250773  9.53443e-07
      14.4975   0.00255897  9.22102e-07
      14.5263   0.00261355  8.91599e-07
      14.5552   0.00267175  8.61940e-07
      14.5841   0.00273389  8.33136e-07
      14.6131   0.00280031  8.05187e-07
      14.6421   0.00287142  7.78112e-07
      14.6713   0.00294769  7.51929e-07
      14.7004   0.00302964  7.26650e-07
      14.7296   0.00311788  7.02311e-07
      14.7589   0.00321312  6.78938e-07
      14.7883   0.00331619  6.56572e-07
      14.8177   0.00342806  6.35262e-07
      14.8471   0.00354987  6.15061e-07
      14.8767   0.00368300  5.96039e-07
      14.9062   0.00382907  5.78280e-07
      14.9359   0.00399008  5.61882e-07
      14.9656   0.00416844  5.46967e-07
      14.9953   0.00436715  5.33679e-07
      15.0251   0.00458994  5.22201e-07
      15.0550   0.00484153  5.12750e-07
      15.0849   0.00512792  5.05600e-07
      15.1149   0.00545686  5.01093e-07
      15.1450   0.00583856  4.99656e-07
      15.1751   0.00628650  5.01830e-07
      15.2052   0.00681884  5.08305e-07
      15.2355   0.00746009  5.19955e-07
      15.2658   0.00824364  5.37884e-07
      15.2961   0.00921461  5.63439e-07
      15.3265    0.0104318  5.98152e-07
      15.3570    0.0119662  6.43446e-07
      15.3875    0.0138844  6.99798e-07
      15.4181    0.0162027  7.64953e-07
      15.4488    0.0187957  8.31309e-07
      15.4795    0.0213135  8.84883e-07
      15.5103    0.0232525  9.10076e-07
      15.5411    0.0242291  8.99241e-07
      15.5720    0.0241997  8.57768e-07
      15.6029    0.0234219  8.00565e-07
      15.6340    0.0222799  7.45535e-07
      15.6650    0.0211432  7.08663e-07
      15.6962    0.0202925  7.01364e-07
      15.7274    0.0198966  7.30047e-07
      15.7587    0.0200337  7.97975e-07
      15.7900    0.0207356  9.08180e-07
      15.8214    0.0220307  1.06578e-06
      15.8528    0.0239698  1.27925e-06
      15.8844    0.0266336  1.56077e-06
      15.9159    0.0301246  1.92524e-06
      15.9476    0.0345323  2.38683e-06
      15.9793    0.0398646  2.95144e-06
      16.0111    0.0459589  3.60612e-06
      16.0429    0.0524499  4.31373e-06
      16.0748    0.0588715  5.02294e-06
      16.1067    0.0648344  5.68826e-06
      16.1388    0.0701244  6.28270e-06
      16.1708    0.0746735  6.79606e-06
      16.2030    0.0784868  7.22706e-06
      16.2352    0.0815813  7.57681e-06
      16.2675    0.0839579  7.84522e-06
      16.2998    0.0855867  8.02955e-06
      16.3322    0.0863999  8.12374e-06
      16.3647    0.0862911  8.11828e-06
      16.3972    0.0851170  8.00053e-06
      16.4298    0.0827118  7.75637e-06
      16.4625    0.0789281  7.37411e-06
      16.4952    0.0737186  6.85197e-06
      16.5280    0.0672471  6.20839e-06
      16.5609    0.0599600  5.48748e-06
      16.5938    0.0525065  4.75068e-06
      16.6268    0.0455131  4.05612e-06
      16.6598    0.0393813  3.44091e-06
      16.6930    0.0342460  2.91805e-06
      16.7262    0.0300611  2.48399e-06
      16.7594    0.0266981  2.12737e-06
      16.7927    0.0240130  1.83511e-06
      16.8261    0.0218760  1.59518e-06
      16.8596    0.0201811  1.39755e-06
      16.8931    0.0188454  1.23424e-06
      16.9267    0.0178063  1.09908e-06
      16.9603    0.0170179  9.87297e-07
      16.9940    0.0164478  8.95322e-07
      17.0278    0.0160749  8.20488e-07
      17.0617    0.0158883  7.60881e-07
      17.0956    0.0158870  7.15235e-07
      17.1296    0.0160807  6.82872e-07
      17.1636    0.0164922  6.63678e-07
      17.1978    0.0171610  6.58160e-07
      17.2320    0.0181501  6.67537e-07
      17.2662    0.0195561  6.93874e-07
      17.3005    0.0215216  7.40165e-07
      17.3349    0.0242432  8.10045e-07
      17.3694    0.0279455  9.06221e-07
      17.4039    0.0327464  1.02584e-06
      17.4385    0.0383652  1.15317e-06
      17.4732    0.0439545  1.25912e-06
      17.5079    0.0485075  1.31646e-06
      17.5427    0.0513756  1.31288e-06
      17.5776    0.0523027  1.24948e-06
      17.6126    0.0513636  1.13747e-06
      17.6476    0.0489374  9.95676e-07
      17.6827    0.0455708  8.45985e-07
      17.7178    0.0418248  7.09148e-07
      17.7531    0.0381899  6.01881e-07
      17.7883    0.0350408  5.34532e-07
      17.8237    0.0326031  5.10198e-07
      17.8591    0.0309558  5.26700e-07
      17.8947    0.0300782  5.79985e-07
      17.9302    0.0299090  6.66737e-07
      17.9659    0.0303907  7.85706e-07
      18.0016    0.0314938  9.38110e-07
      18.0374    0.0332263  1.12769e-06
      18.0732    0.0356353  1.36072e-06
      18.1092    0.0388050  1.64613e-06
      18.1452    0.0428461  1.99555e-06
      18.1812    0.0478722  2.42305e-06
      18.2174    0.0539519  2.94419e-06
      18.2536    0.0610507  3.57416e-06
      18.2899    0.0690103  4.32589e-06
      18.3263    0.0776139  5.20928e-06
      18.3627    0.0867017  6.23282e-06
      18.3992    0.0962276  7.40327e-06
      18.4358     0.106166  8.71220e-06
      18.4724     0.116306  1.01080e-05
      18.5092     0.126172  1.14904e-05
      18.5460     0.135282  1.27584e-05
      18.5828     0.143412  1.38621e-05
      18.6198     0.150594  1.48018e-05
      18.6568     0.156968  1.56020e-05
      18.6939     0.162681  1.62917e-05
      18.7311     0.167849  1.68973e-05
      18.7683     0.172543  1.74405e-05
      18.8056     0.176781  1.79386e-05
      18.8430     0.180521  1.84033e-05
      18.8805     0.183650  1.88393e-05
      18.9180     0.186025  1.92438e-05
      18.9556     0.187560  1.96109e-05
      18.9933     0.188331  1.99378e-05
      19.0310     0.188579  2.02280e-05
      19.0689     0.188611  2.04881e-05
      19.1068     0.188672  2.07230e-05
      19.1448     0.188901  2.09334e-05
      19.1828     0.189340  2.11166e-05
      19.2210     0.189971  2.12673e-05
      19.2592     0.190754  2.13799e-05
      19.2975     0.191641  2.14483e-05
      19.3358     0.192592  2.14665e-05
      19.3743     0.193582  2.14292e-05
      19.4128     0.194605  2.13313e-05
      19.4514     0.195676  2.11682e-05
      19.4901     0.196837  2.09363e-05
      19.5288     0.198140  2.06329e-05
      19.5676     0.199602  2.02558e-05
      19.6065     0.201092  1.98021e-05
      19.6455     0.202015  1.92591e-05
      19.6846     0.200826  1.85810e-05
      19.7237     0.195383  1.76811e-05
      19.7629     0.184725  1.64906e-05
      19.8022     0.170201  1.50312e-05
      19.8416     0.154038  1.33975e-05
      19.8810     0.137673  1.17002e-05
      19.9206     0.121887  1.00446e-05
      19.9602     0.107290  8.51842e-06
      19.9998    0.0943366  7.17489e-06
      20.0396    0.0832317  6.02997e-06
      20.0794    0.0739524  5.07285e-06
      20.1194    0.0663394  4.28001e-06
      20.1594    0.0601801  3.62486e-06
      20.1994    0.0552657  3.08266e-06
      20.2396    0.0514174  2.63255e-06
      20.2798    0.0484995  2.25784e-06
      20.3202    0.0464211  1.94570e-06
      20.3606    0.0451355  1.68652e-06
      20.4010    0.0446343  1.47342e-06
      20.4416    0.0449293  1.30153e-06
      20.4822    0.0460070  1.16707e-06
      20.5230    0.0477571  1.06656e-06
      20.5638    0.0499541  9.97463e-07
      20.6046    0.0524117  9.61923e-07
      20.6456    0.0551923  9.70721e-07
      20.6866    0.0585597  1.04239e-06
      20.7278    0.0626665  1.19585e-06
      20.7690    0.0672602  1.43809e-06
      20.8103    0.0716862  1.75236e-06
      20.8516    0.0751997  2.09790e-06
      20.8931    0.0772656  2.42257e-06
      20.9346    0.0777157  2.68198e-06
      20.9763    0.0768734  2.86042e-06
      21.0180    0.0755984  2.98441e-06
      21.0597    0.0749441  3.10812e-06
      21.1016    0.0755289  3.27338e-06
      21.1436    0.0772778  3.48409e-06
      21.1856    0.0797512  3.71774e-06
      21.2277    0.0825580  3.94992e-06
      21.2699    0.0854827  4.16533e-06
      21.3122    0.0884097  4.35588e-06
      21.3546    0.0912168  4.51619e-06
      21.3970    0.0937239  4.64123e-06
      21.4396    0.0957442  4.72671e-06
      21.4822    0.0972114  4.77117e-06
      21.5249    0.0982328  4.77681e-06
      21.5677    0.0989966  4.74774e-06
      21.6106    0.0996504  4.68824e-06
      21.6535     0.100251  4.60232e-06
      21.6966     0.100787  4.49517e-06
      21.7397     0.101223  4.37568e-06
      21.7829     0.101543  4.25914e-06
      21.8263     0.101788  4.17044e-06
      21.8696     0.102091  4.14512e-06
      21.9131     0.102630  4.22212e-06
      21.9567     0.103472  4.42457e-06
      22.0003     0.104467  4.74493e-06
      22.0441     0.105465  5.15800e-06
      22.0879     0.106652  5.64650e-06
      22.1318     0.108475  6.20934e-06
      22.1758     0.111365  6.85630e-06
      22.2199     0.115622  7.60450e-06
      22.2641     0.121391  8.47586e-06
      22.3083     0.128489  9.48522e-06
      22.3527     0.136266  1.06219e-05
      22.3971     0.143922  1.18507e-05
      22.4417     0.151007  1.31369e-05
      22.4863     0.157469  1.44614e-05
      22.5310     0.163424  1.58164e-05
      22.5758     0.168970  1.71987e-05
      22.6207     0.174149  1.86060e-05
      22.6656     0.179045  2.00389e-05
      22.7107     0.183900  2.15038e-05
      22.7558     0.189086  2.30132e-05
      22.8011     0.194959  2.45842e-05
      22.8464     0.201731  2.62354e-05
      22.8918     0.209313  2.79789e-05
      22.9373     0.217213  2.98069e-05
      22.9830     0.224777  3.16898e-05
      23.0286     0.231572  3.35933e-05
      23.0744     0.237499  3.54916e-05
      23.1203     0.242631  3.73675e-05
      23.1663     0.247087  3.92081e-05
      23.2123     0.250971  4.10017e-05
      23.2585     0.254364  4.27366e-05
      23.3047     0.257324  4.44000e-05
      23.3510     0.259888  4.59789e-05
      23.3975     0.262077  4.74590e-05
      23.4440     0.263897  4.88248e-05
      23.4906     0.265339  5.00596e-05
      23.5373     0.266375  5.11445e-05
      23.5841     0.266955  5.20585e-05
      23.6310     0.266996  5.27770e-05
      23.6780     0.266373  5.32705e-05
      23.7250     0.264893  5.35033e-05
      23.7722     0.262263  5.34298e-05
      23.8195     0.258045  5.29925e-05
      23.8668     0.251619  5.21204e-05
      23.9143     0.242250  5.07378e-05
      23.9618     0.229479  4.87993e-05
      24.0094     0.213848  4.63464e-05
      24.0572     0.197082  4.35451e-05
      24.1050     0.181291  4.06974e-05
      24.1529     0.168300  3.81603e-05
      24.2009     0.159115  3.61505e-05
      24.2491     0.153795  3.46939e-05
      24.2973     0.151837  3.37402e-05
      24.3456     0.152255  3.32342e-05
      24.3940     0.153398  3.30554e-05
      24.4425     0.153571  3.29197e-05
      24.4911     0.152380  3.24920e-05
      24.5398     0.150941  3.16628e-05
      24.5885     0.150292  3.05540e-05
      24.6374     0.150091  2.92791e-05
      24.6864     0.149184  2.78237e-05
      24.7355     0.146585  2.60866e-05
      24.7847     0.141745  2.39725e-05
      24.8339     0.134717  2.15206e-05
      24.8833     0.126423  1.89953e-05
      24.9328     0.118263  1.67446e-05
      24.9824     0.111110  1.49430e-05
      25.0320     0.104964  1.35513e-05
      25.0818    0.0993447  1.24360e-05
      25.1316    0.0936278  1.14571e-05
      25.1816    0.0871657  1.04964e-05
      25.2317    0.0794078  9.46697e-06
      25.2818    0.0702468  8.34033e-06
      25.3321    0.0604927  7.17963e-06
      25.3825    0.0516013  6.10443e-06
      25.4329    0.0445803  5.19441e-06
      25.4835    0.0395720  4.45741e-06
      25.5342    0.0362961  3.86505e-06
      25.5849    0.0344559  3.38544e-06
      25.6358    0.0338822  2.99527e-06
      25.6868    0.0345524  2.68228e-06
      25.7378    0.0365698  2.44632e-06
      25.7890    0.0400863  2.30147e-06
      25.8403    0.0451009  2.27791e-06
      25.8916    0.0511544  2.41685e-06
      25.9431    0.0572774  2.75224e-06
      25.9947    0.0624781  3.28868e-06
      26.0464    0.0662031  3.99400e-06
      26.0981    0.0682964  4.80519e-06
      26.1500    0.0687356  5.63462e-06
      26.2020    0.0674631  6.37233e-06
      26.2541    0.0643569  6.88966e-06
      26.3063    0.0593798  7.06177e-06
      26.3586    0.0529230  6.83214e-06
      26.4110    0.0460347  6.28329e-06
      26.4635    0.0399647  5.59967e-06
      26.5161    0.0354301  4.93970e-06
      26.5688    0.0325199  4.37568e-06
      26.6217    0.0310203  3.91937e-06
      26.6746    0.0306366  3.55861e-06
      26.7276    0.0311274  3.27778e-06
      26.7808    0.0324843  3.06736e-06
      26.8340    0.0349269  2.92701e-06
      26.8874    0.0385897  2.86192e-06
      26.9408    0.0432183  2.87504e-06
      26.9944    0.0481798  2.96001e-06
      27.0480    0.0528516  3.10258e-06
      27.1018    0.0569307  3.28861e-06
      27.1557    0.0603845  3.50808e-06
      27.2097    0.0632903  3.75428e-06
      27.2638    0.0657424  4.02220e-06
      27.3180    0.0678231  4.30770e-06
      27.3723    0.0695972  4.60697e-06
      27.4267    0.0711153  4.91650e-06
      27.4812    0.0724154  5.23295e-06
      27.5359    0.0735259  5.55312e-06
      27.5906    0.0744698  5.87396e-06
      27.6455    0.0752634  6.19258e-06
      27.7004    0.0759187  6.50611e-06
      27.7555    0.0764434  6.81180e-06
      27.8107    0.0768419  7.10681e-06
      27.8660    0.0771148  7.38835e-06
      27.9214    0.0772587  7.65343e-06
      27.9769    0.0772661  7.89882e-06
      28.0325    0.0771241  8.12094e-06
      28.0882    0.0768134  8.31553e-06
      28.1441    0.0763053  8.47751e-06
      28.2000    0.0755594  8.60039e-06
      28.2561    0.0745185  8.67573e-06
      28.3123    0.0731011  8.69218e-06
      28.3686    0.0711938  8.63427e-06
      28.4249    0.0686388  8.48100e-06
      28.4815    0.0652325  8.20521e-06
      28.5381    0.0607498  7.77666e-06
      28.5948    0.0550490  7.17558e-06
      28.6517    0.0482885  6.42012e-06
      28.7086    0.0410925  5.58744e-06
      28.7657    0.0343299  4.78525e-06
      28.8229    0.0286040  4.09049e-06
      28.8802    0.0240528  3.52532e-06
      28.9376    0.0205275  3.07676e-06
      28.9951    0.0178032  2.72113e-06
      29.0528    0.0156786  2.43612e-06
      29.1106    0.0139989  2.20414e-06
      29.1684    0.0126516  2.01217e-06
      29.2264    0.0115558  1.85074e-06
      29.2845    0.0106534  1.71298e-06
      29.3427   0.00990232  1.59381e-06
      29.4011   0.00927136  1.48948e-06
      29.4595   0.00873732  1.39716e-06
      29.5181   0.00828267  1.31466e-06
      29.5768   0.00789396  1.24030e-06
      29.6356   0.00756076  1.17275e-06
      29.6945   0.00727495  1.11095e-06
      29.7535   0.00703018  1.05404e-06
      29.8127   0.00682137  1.00133e-06
      29.8720   0.00664465  9.52237e-07
      29.9313   0.00649691  9.06282e-07
      29.9909   0.00637588  8.63065e-07
      30.0505   0.00627989  8.22233e-07
      30.1102   0.00620777  7.83489e-07
      30.1701   0.00615911  7.46576e-07
      30.2301   0.00613385  7.11266e-07
      30.2902   0.00613275  6.77344e-07
      30.3504   0.00615721  6.44627e-07
      30.4107   0.00620967  6.12932e-07
      30.4712   0.00629384  5.82092e-07
      30.5318   0.00641522  5.51936e-07
      30.5925   0.00658202  5.22294e-07
      30.6533   0.00680668  4.92990e-07
      30.7142   0.00710841  4.63842e-07
      30.7753   0.00751799  4.34673e-07
      30.8365   0.00808675  4.05351e-07
      30.8978   0.00890426  3.75924e-07
      30.9592    0.0101334  3.47029e-07
      31.0208    0.0120732  3.21158e-07
      31.0824    0.0152094  3.06341e-07
      31.1442    0.0198434  3.23390e-07
      31.2061    0.0243469  3.98972e-07
      31.2682    0.0248151  5.02600e-07
      31.3303    0.0210662  5.43872e-07
      31.3926    0.0171624  5.16754e-07
      31.4550    0.0149357  4.70591e-07
      31.5176    0.0141287  4.28624e-07
      31.5802    0.0143269  3.95206e-07
      31.6430    0.0153057  3.69885e-07
      31.7059    0.0167807  3.50800e-07
      31.7690    0.0181410  3.34830e-07
      31.8321    0.0190305  3.20928e-07
      31.8954    0.0199980  3.13322e-07
      31.9588    0.0217965  3.18387e-07
      32.0224    0.0248973  3.43074e-07
      32.0860    0.0296420  3.96611e-07
      32.1498    0.0360981  4.87539e-07
      32.2137    0.0435472  6.12091e-07
      32.2778    0.0508399  7.52465e-07
      32.3419    0.0574555  8.93992e-07
      32.4062    0.0635709  1.03149e-06
      32.4707    0.0695929  1.16429e-06
      32.5352    0.0757463  1.29144e-06
      32.5999    0.0818379  1.40883e-06
      32.6647    0.0873666  1.51022e-06
      32.7297    0.0919352  1.59556e-06
      32.7947    0.0956040  1.68317e-06
      32.8599    0.0989610  1.81272e-06
      32.9253     0.102743  2.02965e-06
      32.9907     0.107164  2.35982e-06
      33.0563     0.111852  2.79687e-06
      33.1220     0.116394  3.31146e-06
      33.1879     0.120662  3.87032e-06
      33.2538     0.124764  4.44843e-06
      33.3200     0.128946  5.03159e-06
      33.3862     0.133539  5.61449e-06
      33.4526     0.138882  6.19866e-06
      33.5191     0.145105  6.79113e-06
      33.5857     0.151731  7.40142e-06
      33.6525     0.157578  8.03271e-06
      33.7194     0.161526  8.67505e-06
      33.7864     0.162971  9.30563e-06
      33.8536     0.161544  9.88803e-06
      33.9209     0.156997  1.03716e-05
      33.9883     0.149672  1.07074e-05
      34.0559     0.140919  1.08789e-05
      34.1236     0.131977  1.08879e-05
      34.1915     0.122745  1.06978e-05
      34.2594     0.112173  1.02189e-05
      34.3276    0.0994392  9.38182e-06
      34.3958    0.0854307  8.29829e-06
      34.4642    0.0721888  7.20939e-06
      34.5327    0.0604712  6.21885e-06
      34.6014    0.0501089  5.32053e-06
      34.6701    0.0411610  4.52258e-06
      34.7391    0.0338263  3.84930e-06
      34.8081    0.0280718  3.30588e-06
      34.8773    0.0236434  2.87585e-06
      34.9467    0.0202353  2.53541e-06
      35.0162    0.0175870  2.26280e-06
      35.0858    0.0155033  2.04100e-06
      35.1555    0.0138447  1.85748e-06
      35.2254    0.0125138  1.70307e-06
      35.2955    0.0114428  1.57112e-06
      35.3656    0.0105860  1.45667e-06
      35.4359   0.00991459  1.35597e-06
      35.5064   0.00941438  1.26612e-06
      35.5770   0.00908643  1.18485e-06
      35.6477   0.00895108  1.11035e-06
      35.7186   0.00905742  1.04123e-06
      35.7896   0.00950333  9.76751e-07
      35.8607    0.0104717  9.17678e-07
      35.9320    0.0122714  8.68827e-07
      36.0035    0.0152318  8.45116e-07
      36.0750    0.0189119  8.71748e-07
      36.1468    0.0212953  9.42653e-07
      36.2186    0.0211126  1.00181e-06
      36.2906    0.0195031  1.01953e-06
      36.3628    0.0172813  1.01419e-06
      36.4351    0.0140097  9.93956e-07
      36.5075    0.0107080  9.56136e-07
      36.5801   0.00828803  9.11717e-07
      36.6528   0.00668654  8.69345e-07
      36.7257   0.00561779  8.31411e-07
      36.7987   0.00487413  7.97813e-07
      36.8719   0.00433228  7.67885e-07
      36.9452   0.00392068  7.40968e-07
      37.0186   0.00359668  7.16527e-07
      37.0922   0.00333394  6.94142e-07
      37.1660   0.00311555  6.73488e-07
      37.2398   0.00293027  6.54313e-07
      37.3139   0.00277036  6.36414e-07
      37.3881   0.00263039  6.19633e-07
      37.4624   0.00250639  6.03837e-07
      37.5369   0.00239541  5.88918e-07
      37.6115   0.00229524  5.74787e-07
      37.6863   0.00220415  5.61365e-07
      37.7612   0.00212080  5.48589e-07
      37.8363   0.00204410  5.36402e-07
      37.9115   0.00197318  5.24755e-07
      37.9869   0.00190733  5.13606e-07
      38.0624   0.00184596  5.02916e-07
      38.1381   0.00178857  4.92654e-07
      38.2139   0.00173475  4.82787e-07
      38.2899   0.00168414  4.73290e-07
      38.3660   0.00163643  4.64140e-07
      38.4422   0.00159136  4.55313e-07
      38.5187   0.00154870  4.46792e-07
      38.5953   0.00150824  4.38556e-07
      38.6720   0.00146980  4.30591e-07
      38.7489   0.00143324  4.22882e-07
      38.8259   0.00139840  4.15413e-07
      38.9031   0.00136516  4.08173e-07
      38.9804   0.00133340  4.01151e-07
      39.0579   0.00130304  3.94334e-07
      39.1356   0.00127396  3.87714e-07
      39.2134   0.00124610  3.81280e-07
      39.2914   0.00121936  3.75025e-07
      39.3695   0.00119368  3.68940e-07
      39.4477   0.00116901  3.63016e-07
      39.5262   0.00114528  3.57249e-07
      39.6047   0.00112243  3.51630e-07
      39.6835   0.00110042  3.46153e-07
      39.7624   0.00107919  3.40813e-07
      39.8414   0.00105872  3.35604e-07
      39.9206   0.00103896  3.30521e-07
      40.0000   0.00101986  3.25559e-07
      48.0830  0.000478493  1.06190e-07
      57.7993  0.000189520  4.41978e-08
      69.4791  0.000748935  2.20274e-08
      83.5190  8.53029e-05  9.17786e-09
      100.396  4.30703e-05  4.16831e-09
      120.684  2.79289e-05  1.94762e-09
      145.071  1.86307e-05  9.18006e-10
      174.386  1.25948e-05  4.35004e-10
      209.624  8.58192e-06  2.06841e-10
      251.984  5.87719e-06  9.85762e-11
      302.904  4.03836e-06  4.70523e-11
      364.113  2.78110e-06  2.24826e-11
      437.691  1.91670e-06  1.07464e-11
      526.137  1.32097e-06  5.13669e-12
      632.456  9.10401e-07  2.45528e-12
      760.259  6.27438e-07  1.17359e-12
      913.887  4.32424e-07  5.60964e-13
      1098.56  2.98023e-07  2.68134e-13
      1320.55  2.05395e-07  1.28164e-13
      1587.40  1.41556e-07  6.12608e-14
      1908.17  9.75596e-08  2.92818e-14
      2293.77  6.72373e-08  1.39963e-14
      2757.28  4.63395e-08  6.69002e-15
      3314.45  3.19369e-08  3.19773e-15
      3984.22  2.20107e-08  1.52847e-15
      4789.33  1.51697e-08  7.30582e-16
      5757.13  1.04548e-08  3.49206e-16
      6920.50  7.20543e-09  1.66915e-16
      8318.95  4.96595e-09  7.97825e-17
      10000.0  3.42251e-09  3.81346e-17
