         500      0.1            3.20000
      5.00000   0.00055354368
      5.02088   0.00057345562
      5.04185   0.00059329909
      5.06290   0.00061307249
      5.08404   0.00063229917
      5.10527   0.00065081748
      5.12659   0.00066927240
      5.14800   0.00068766482
      5.16950   0.00070489024
      5.19109   0.00072194509
      5.21276   0.00073894175
      5.23453   0.00075530674
      5.25639   0.00077087844
      5.27834   0.00078639814
      5.30038   0.00080183783
      5.32252   0.00081555390
      5.34474   0.00082922561
      5.36706   0.00084285313
      5.38947   0.00085433613
      5.41198   0.00086463089
      5.43458   0.00087489334
      5.45727   0.00088349067
      5.48006   0.00088859817
      5.50295   0.00089369184
      5.52593   0.00089849173
      5.54900   0.00089661135
      5.57218   0.00089474107
      5.59544   0.00089288056
      5.61881   0.00088520974
      5.64227   0.00087615693
      5.66584   0.00086713699
      5.68950   0.00085741051
      5.71325   0.00084725084
      5.73711   0.00083712690
      5.76107   0.00083000287
      5.78513   0.00082635761
      5.80929   0.00082272781
      5.83355   0.00082406716
      5.85791   0.00083452118
      5.88237   0.00084494762
      5.90693   0.00086433865
      5.93160   0.00090655650
      5.95637   0.00094865083
      5.98124   0.00099061998
      6.00622    0.0010324666
      6.03130    0.0010741931
      6.05649    0.0011157975
      6.08178    0.0011572820
      6.10718    0.0011986456
      6.13268    0.0012481990
      6.15829    0.0012998093
      6.18400    0.0013512749
      6.20983    0.0014025983
      6.23576    0.0014537797
      6.26180    0.0015048205
      6.28795    0.0015557240
      6.31421    0.0016064875
      6.34057    0.0016328794
      6.36705    0.0016424011
      6.39364    0.0016519071
      6.42034    0.0016614014
      6.44715    0.0016708820
      6.47407    0.0016803498
      6.50111    0.0016898041
      6.52826    0.0016992455
      6.55552    0.0016470603
      6.58289    0.0015633526
      6.61038    0.0014798265
      6.63799    0.0013964857
      6.66571    0.0013133229
      6.69354    0.0012303360
      6.72149    0.0011475276
      6.74956    0.0010648901
      6.77775    0.0011000091
      6.80605    0.0011370046
      6.83447    0.0011740196
      6.86301    0.0012110517
      6.89167    0.0012481053
      6.92045    0.0012851790
      6.94935    0.0013222751
      6.97837    0.0013593965
      7.00751    0.0013965407
      7.03677    0.0014337124
      7.06616    0.0014709097
      7.09567    0.0015081348
      7.12530    0.0015453908
      7.15505    0.0015826755
      7.18493    0.0016199922
      7.21493    0.0016573410
      7.24506    0.0016947227
      7.27532    0.0017321402
      7.30570    0.0017695922
      7.33621    0.0018070818
      7.36684    0.0018446073
      7.39761    0.0018821723
      7.42850    0.0019197761
      7.45952    0.0019574198
      7.49067    0.0019951054
      7.52195    0.0020328342
      7.55336    0.0021730116
      7.58490    0.0031718849
      7.61658    0.0041739933
      7.64838    0.0051794090
      7.68032    0.0061882228
      7.71239    0.0072003615
      7.74460    0.0085989182
      7.77694     0.010250026
      7.80942     0.011907496
      7.84203     0.013571421
      7.87477     0.015241770
      7.90766     0.017092056
      7.94068     0.019522359
      7.97384     0.021961717
      8.00714     0.024410266
      8.04058     0.026867907
      8.07415     0.029334881
      8.10787     0.032647623
      8.14173     0.035991803
      8.17573     0.039346452
      8.20987     0.042711379
      8.24415     0.046087236
      8.27858     0.050097288
      8.31315     0.054244601
      8.34786     0.058401757
      8.38272     0.062849684
      8.41773     0.067508288
      8.45288     0.072173622
      8.48818     0.076974481
      8.52363     0.081993284
      8.55922     0.087012237
      8.59496     0.092072440
      8.63085     0.097280899
      8.66689      0.10247813
      8.70309      0.10766858
      8.73943      0.11289446
      8.77593      0.11809603
      8.81257      0.12330287
      8.84937      0.12847021
      8.88633      0.13363825
      8.92344      0.13875117
      8.96070      0.14385293
      8.99812      0.14888328
      9.03569      0.15385218
      9.07343      0.15873143
      9.11132      0.16336195
      9.14937      0.16788026
      9.18757      0.17192777
      9.22594      0.17584119
      9.26447      0.17908376
      9.30315      0.18213480
      9.34200      0.18422013
      9.38101      0.18619938
      9.42019      0.18784403
      9.45953      0.18845621
      9.49903      0.18899115
      9.53870      0.18904755
      9.57853      0.18828880
      9.61853      0.18749496
      9.65869      0.18606469
      9.69903      0.18409405
      9.73953      0.18213457
      9.78020      0.17956186
      9.82104      0.17670763
      9.86205      0.17351184
      9.90324      0.17011641
      9.94459      0.16662397
      9.98612      0.16298048
      10.0278      0.15924404
      10.0697      0.15549867
      10.1117      0.15182698
      10.1540      0.14804839
      10.1964      0.14425775
      10.2390      0.14053656
      10.2817      0.13673223
      10.3246      0.13293892
      10.3678      0.12920855
      10.4111      0.12541497
      10.4545      0.12165244
      10.4982      0.11794532
      10.5420      0.11419509
      10.5860      0.11048907
      10.6303      0.10682297
      10.6746      0.10314403
      10.7192     0.099505649
      10.7640     0.095897222
      10.8089     0.092301722
      10.8541     0.088739544
      10.8994     0.085209779
      10.9449     0.081707252
      10.9906     0.078231242
      11.0365     0.074801596
      11.0826     0.071398065
      11.1289     0.068043247
      11.1754     0.064721299
      11.2220     0.061444174
      11.2689     0.058210845
      11.3159     0.055013882
      11.3632     0.051874366
      11.4106     0.048769460
      11.4583     0.045775074
      11.5061     0.042773452
      11.5542     0.039791694
      11.6024     0.037079259
      11.6509     0.034353225
      11.6995     0.031613241
      11.7484     0.029335800
      11.7975     0.027047222
      11.8467     0.024742490
      11.8962     0.023051977
      11.9459     0.021393247
      11.9958     0.019721110
      12.0459     0.018835934
      12.0962     0.018018258
      12.1467     0.017194256
      12.1974     0.016692162
      12.2483     0.016604540
      12.2995     0.016516771
      12.3508     0.016436105
      12.4024     0.016795386
      12.4542     0.017157635
      12.5062     0.017522946
      12.5584     0.017976575
      12.6109     0.018481129
      12.6635     0.018988632
      12.7164     0.019454310
      12.7695     0.019822054
      12.8229     0.020190967
      12.8764     0.020561131
      12.9302     0.020831659
      12.9842     0.020999070
      13.0384     0.021191464
      13.0928     0.021384167
      13.1475     0.021459025
      13.2024     0.021516201
      13.2575     0.021573545
      13.3129     0.021610061
      13.3685     0.021577576
      13.4243     0.021545370
      13.4804     0.021513438
      13.5367     0.021449997
      13.5932     0.021369814
      13.6500     0.021289939
      13.7070     0.021210367
      13.7642     0.021131102
      13.8217     0.021052128
      13.8794     0.020977222
      13.9374     0.020948377
      13.9956     0.020919865
      14.0540     0.020891683
      14.1127     0.020863838
      14.1716     0.020836322
      14.2308     0.020809133
      14.2902     0.020908231
      14.3499     0.021068337
      14.4098     0.021229361
      14.4700     0.021391312
      14.5304     0.021554186
      14.5911     0.021718008
      14.6520     0.022028800
      14.7132     0.022524706
      14.7747     0.023022904
      14.8364     0.023523399
      14.8983     0.024026191
      14.9605     0.024531381
      15.0230     0.025199670
      15.0858     0.026147417
      15.1487     0.027098941
      15.2120     0.028054428
      15.2755     0.029013878
      15.3393     0.029977282
      15.4034     0.031110850
      15.4677     0.032457629
      15.5323     0.033808295
      15.5972     0.035163110
      15.6623     0.036522045
      15.7277     0.037885202
      15.7934     0.039423098
      15.8593     0.041051059
      15.9255     0.042680598
      15.9920     0.044311621
      16.0588     0.045944418
      16.1259     0.047580595
      16.1932     0.049342199
      16.2609     0.051099856
      16.3288     0.052853403
      16.3969     0.054602705
      16.4654     0.056347689
      16.5342     0.058079767
      16.6032     0.059792830
      16.6726     0.061493653
      16.7422     0.063182200
      16.8121     0.064858325
      16.8823     0.066505575
      16.9528     0.067996872
      17.0236     0.069469627
      17.0947     0.070923752
      17.1661     0.072358950
      17.2377     0.073775492
      17.3097     0.074938700
      17.3820     0.076033226
      17.4546     0.077107284
      17.5275     0.078160794
      17.6007     0.079193752
      17.6742     0.079945815
      17.7480     0.080551034
      17.8221     0.081139091
      17.8965     0.081710075
      17.9713     0.082264143
      18.0463     0.082570247
      18.1217     0.082720497
      18.1973     0.082859893
      18.2733     0.082907872
      18.3496     0.082765877
      18.4263     0.082618237
      18.5032     0.082456315
      18.5805     0.082091836
      18.6581     0.081726153
      18.7360     0.081359372
      18.8142     0.080866206
      18.8928     0.080347487
      18.9717     0.079830851
      19.0509     0.079247909
      19.1305     0.078630685
      19.2103     0.078017669
      19.2906     0.077367627
      19.3711     0.076682372
      19.4520     0.076002711
      19.5332     0.075303018
      19.6148     0.074572419
      19.6967     0.073848179
      19.7790     0.073114549
      19.8616     0.072358710
      19.9445     0.071609481
      20.0278     0.070857695
      20.1114     0.070094309
      20.1954     0.069337481
      20.2798     0.068582726
      20.3644     0.067826273
      20.4495     0.067076049
      20.5349     0.066332762
      20.6206     0.066026492
      20.7067     0.065297799
      20.7932     0.064582257
      20.8800     0.063879476
      20.9672     0.063181898
      21.0548     0.062514497
      21.1427     0.061866622
      21.2310     0.061223148
      21.3197     0.060584111
      21.4087     0.059949486
      21.4981     0.059319184
      21.5879     0.058742825
      21.6780     0.058171153
      21.7685     0.057603033
      21.8594     0.057038439
      21.9507     0.056477439
      22.0424     0.055940689
      22.1344     0.055431288
      22.2269     0.054924830
      22.3197     0.054421371
      22.4129     0.053920825
      22.5065     0.053425955
      22.6005     0.052971038
      22.6948     0.052518621
      22.7896     0.052068710
      22.8848     0.051621345
      22.9803     0.051176465
      23.0763     0.050761220
      23.1727     0.050355220
      23.2694     0.049951465
      23.3666     0.049549892
      23.4642     0.049150507
      23.5622     0.048768663
      23.6606     0.048397663
      23.7594     0.048028663
      23.8586     0.047661668
      23.9582     0.047296642
      24.0583     0.046941236
      24.1587     0.046593236
      24.2596     0.046247064
      24.3609     0.045902762
      24.4627     0.045560283
      24.5648     0.045221132
      24.6674     0.044884611
      24.7704     0.044549871
      24.8738     0.044216970
      24.9777     0.043885819
      25.0820     0.043552475
      25.1868     0.043219889
      25.2919     0.042889085
      25.3976     0.042559423
      25.5036     0.042229184
      25.6101     0.041900754
      25.7171     0.041574072
      25.8244     0.041249361
      25.9323     0.040926499
      26.0406     0.040605348
      26.1493     0.040286723
      26.2585     0.039972566
      26.3682     0.039660077
      26.4783     0.039349262
      26.5889     0.039043983
      26.6999     0.038741303
      26.8114     0.038441894
      26.9233     0.038145436
      27.0358     0.037851092
      27.1487     0.037559402
      27.2620     0.037269285
      27.3759     0.036980910
      27.4902     0.036694058
      27.6050     0.036407251
      27.7203     0.036121834
      27.8360     0.035837959
      27.9523     0.035555582
      28.0690     0.035273022
      28.1862     0.034990834
      28.3039     0.034710136
      28.4221     0.034430949
      28.5408     0.034152116
      28.6600     0.033872543
      28.7797     0.033594483
      28.8999     0.033317902
      29.0205     0.033042178
      29.1417     0.032764686
      29.2634     0.032488686
      29.3856     0.032214199
      29.5083     0.031940884
      29.6316     0.031665076
      29.7553     0.031390764
      29.8795     0.031117920
      30.0043     0.030846410
      30.1296     0.030572623
      30.2554     0.030300319
      30.3818     0.030029467
      30.5087     0.029759837
      30.6360     0.029488587
      30.7640     0.029218766
      30.8925     0.028950381
      31.0215     0.028683001
      31.1510     0.028414709
      31.2811     0.028147842
      31.4117     0.027882412
      31.5429     0.027617699
      31.6746     0.027352975
      31.8069     0.027089652
      31.9397     0.026827240
      32.0731     0.026565024
      32.2070     0.026304183
      32.3415     0.026044251
      32.4766     0.025784605
      32.6122     0.025526298
      32.7484     0.025268847
      32.8851     0.025011813
      33.0224     0.024756094
      33.1603     0.024501225
      33.2988     0.024247079
      33.4379     0.023994204
      33.5775     0.023742535
      33.7177     0.023492123
      33.8585     0.023243342
      33.9999     0.022996347
      34.1419     0.022750576
      34.2845     0.022507857
      34.4276     0.022266417
      34.5714     0.022027646
      34.7158     0.021791545
      34.8607     0.021556557
      35.0063     0.021326036
      35.1525     0.021096971
      35.2993     0.020870390
      35.4467     0.020647679
      35.5947     0.020426011
      35.7434     0.020209161
      35.8926     0.019994269
      36.0425     0.019781574
      36.1930     0.019572933
      36.3442     0.019367223
      36.4959     0.019163645
      36.6483     0.018963805
      36.8014     0.018765784
      36.9551     0.018570342
      37.1094     0.018299323
      37.2643     0.018109003
      37.4199     0.017920432
      37.5762     0.017734941
      37.7331     0.017550280
      37.8907     0.017369076
      38.0489     0.017188969
      38.2078     0.017011116
      38.3674     0.016835360
      38.5276     0.016660827
      38.6885     0.016489308
      38.8500     0.016318517
      39.0123     0.016151123
      39.1752     0.015984920
      39.3388     0.015821450
      39.5030     0.015660359
      39.6680     0.015501055
      39.8337     0.015345589
      40.0000     0.015190763
