         500      5.0            3.20000
      5.00000     0.039464568
      5.02088     0.040889926
      5.04185     0.042310788
      5.06290     0.043726734
      5.08404     0.045103512
      5.10527     0.046429241
      5.12659     0.047749423
      5.14800     0.049063844
      5.16950     0.050293507
      5.19109     0.051508981
      5.21276     0.052717917
      5.23453     0.053879412
      5.25639     0.054981865
      5.27834     0.056077658
      5.30038     0.057164812
      5.32252     0.058127109
      5.34474     0.059083403
      5.36706     0.060033782
      5.38947     0.060829973
      5.41198     0.061539816
      5.43458     0.062245220
      5.45727     0.062830970
      5.48006     0.063168580
      5.50295     0.063503793
      5.52593     0.063816944
      5.54900     0.063657663
      5.57218     0.063498304
      5.59544     0.063338897
      5.61881     0.062768934
      5.64227     0.062101140
      5.66584     0.061435377
      5.68950     0.060717929
      5.71325     0.059968731
      5.73711     0.059221913
      5.76107     0.058683452
      5.78513     0.058386370
      5.80929     0.058089755
      5.83355     0.058138522
      5.85791     0.058820090
      5.88237     0.059497303
      5.90693     0.060794304
      5.93160     0.063668767
      5.95637     0.066524643
      5.98124     0.069361638
      6.00622     0.072179729
      6.03130     0.074978842
      6.05649     0.077758619
      6.08178     0.080518995
      6.10718     0.083259742
      6.13268     0.086539414
      6.15829     0.089941595
      6.18400     0.093317571
      6.20983     0.096667490
      6.23576     0.099991017
      6.26180      0.10328827
      6.28795      0.10655939
      6.31421      0.10980424
      6.34057      0.11139288
      6.36705      0.11183932
      6.39364      0.11227997
      6.42034      0.11271514
      6.44715      0.11314504
      6.47407      0.11356998
      6.50111      0.11399015
      6.52826      0.11440581
      6.55552      0.11074336
      6.58289      0.10500388
      6.61038     0.099286338
      6.63799     0.093591367
      6.66571     0.087918825
      6.69354     0.082268873
      6.72149     0.076641945
      6.74956     0.071037810
      6.77775     0.073003696
      6.80605     0.075064552
      6.83447     0.077100750
      6.86301     0.079112013
      6.89167     0.081098455
      6.92045     0.083059962
      6.94935     0.084996624
      6.97837     0.086908587
      7.00751     0.088795827
      7.03677     0.090658709
      7.06616     0.092497275
      7.09567     0.094311859
      7.12530     0.096102866
      7.15505     0.097870403
      7.18493     0.099614927
      7.21493      0.10133666
      7.24506      0.10303592
      7.27532      0.10471305
      7.30570      0.10636824
      7.33621      0.10800182
      7.36684      0.10961391
      7.39761      0.11120482
      7.42850      0.11277477
      7.45952      0.11432387
      7.49067      0.11585238
      7.52195      0.11736049
      7.55336      0.12451902
      7.58490      0.17793283
      7.61658      0.22927401
      7.64838      0.27864034
      7.68032      0.32612559
      7.71239      0.37181065
      7.74460      0.43304457
      7.77694      0.50204353
      7.80942      0.56748002
      7.84203      0.62957885
      7.87477      0.68854278
      7.90766      0.75082390
      7.94068      0.82938562
      7.97384      0.90294520
      8.00714      0.97189324
      8.04058       1.0365781
      8.07415       1.0973263
      8.10787       1.1764483
      8.14173       1.2503003
      8.17573       1.3188296
      8.20987       1.3825107
      8.24415       1.4417843
      8.27858       1.5094242
      8.31315       1.5743426
      8.34786       1.6343822
      8.38272       1.6949404
      8.41773       1.7543160
      8.45288       1.8092347
      8.48818       1.8623076
      8.52363       1.9149844
      8.55922       1.9638752
      8.59496       2.0101783
      8.63085       2.0562888
      8.66689       2.0993275
      8.70309       2.1397989
      8.73943       2.1798218
      8.77593       2.2174698
      8.81257       2.2547334
      8.84937       2.2898563
      8.88633       2.3250216
      8.92344       2.3582745
      8.96070       2.3917956
      8.99812       2.4235875
      9.03569       2.4556493
      9.07343       2.4860925
      9.11132       2.5162730
      9.14937       2.5449292
      9.18757       2.5728467
      9.22594       2.5993805
      9.26447       2.6248430
      9.30315       2.6490779
      9.34200       2.6719326
      9.38101       2.6938185
      9.42019       2.7145787
      9.45953       2.7337193
      9.49903       2.7521735
      9.53870       2.7693974
      9.57853       2.7850185
      9.61853       2.8001925
      9.65869       2.8137810
      9.69903       2.8260386
      9.73953       2.8380409
      9.78020       2.8483368
      9.82104       2.8576818
      9.86205       2.8658295
      9.90324       2.8730362
      9.94459       2.8795865
      9.98612       2.8851433
      10.0278       2.8896394
      10.0697       2.8935646
      10.1117       2.8974115
      10.1540       2.8999039
      10.1964       2.9016964
      10.2390       2.9033607
      10.2817       2.9035904
      10.3246       2.9031631
      10.3678       2.9025105
      10.4111       2.9002269
      10.4545       2.8973183
      10.4982       2.8940310
      10.5420       2.8887961
      10.5860       2.8829396
      10.6303       2.8762974
      10.6746       2.8675784
      10.7192       2.8580071
      10.7640       2.8470336
      10.8089       2.8339063
      10.8541       2.8195084
      10.8994       2.8029318
      10.9449       2.7840318
      10.9906       2.7632813
      11.0365       2.7394954
      11.0826       2.7130836
      11.1289       2.6833396
      11.1754       2.6501758
      11.2220       2.6131240
      11.2689       2.5716909
      11.3159       2.5256717
      11.3632       2.4742000
      11.4106       2.4173539
      11.4583       2.3543308
      11.5061       2.2850006
      11.5542       2.2090287
      11.6024       2.1296726
      11.6509       2.0429649
      11.6995       1.9481414
      11.7484       1.8588219
      11.7975       1.7627177
      11.8467       1.6591386
      11.8962       1.5740291
      11.9459       1.4862388
      11.9958       1.3938284
      12.0459       1.3368305
      12.0962       1.2822584
      12.1467       1.2265923
      12.1974       1.1874987
      12.2483       1.1704964
      12.2995       1.1535636
      12.3508       1.1371197
      12.4024       1.1447055
      12.4542       1.1520857
      12.5062       1.1592728
      12.5584       1.1717133
      12.6109       1.1868552
      12.6635       1.2016095
      12.7164       1.2147809
      12.7695       1.2250038
      12.8229       1.2350302
      12.8764       1.2448651
      12.9302       1.2513707
      12.9842       1.2571276
      13.0384       1.2609093
      13.0928       1.2646315
      13.1475       1.2643081
      13.2024       1.2633729
      13.2575       1.2624317
      13.3129       1.2606151
      13.3685       1.2559369
      13.4243       1.2512676
      13.4804       1.2466074
      13.5367       1.2398180
      13.5932       1.2318978
      13.6500       1.2239955
      13.7070       1.2161123
      13.7642       1.2082498
      13.8217       1.2004084
      13.8794       1.1926430
      13.9374       1.1855512
      13.9956       1.1784970
      14.0540       1.1714832
      14.1127       1.1645128
      14.1716       1.1575862
      14.2308       1.1507069
      14.2902       1.1485542
      14.3499       1.1486535
      14.4098       1.1487653
      14.4700       1.1488916
      14.5304       1.1490339
      14.5911       1.1491934
      14.6520       1.1550393
      14.7132       1.1678488
      14.7747       1.1804494
      14.8364       1.1928468
      14.8983       1.2050470
      14.9605       1.2170580
      15.0230       1.2348125
      15.0858       1.2622077
      15.1487       1.2889134
      15.2120       1.3149611
      15.2755       1.3403765
      15.3393       1.3651839
      15.4034       1.3950831
      15.4677       1.4311538
      15.5323       1.4661391
      15.5972       1.5000981
      15.6623       1.5330772
      15.7277       1.5651246
      15.7934       1.6020119
      15.8593       1.6406571
      15.9255       1.6780940
      15.9920       1.7143818
      16.0588       1.7495832
      16.1259       1.7838248
      16.1932       1.8224880
      16.2609       1.8599670
      16.3288       1.8963175
      16.3969       1.9315951
      16.4654       1.9658522
      16.5342       2.0006258
      16.6032       2.0358956
      16.6726       2.0701741
      16.7422       2.1035086
      16.8121       2.1359401
      16.8823       2.1675422
      16.9528       2.1986469
      17.0236       2.2289779
      17.0947       2.2585651
      17.1661       2.2874347
      17.2377       2.3156170
      17.3097       2.3416011
      17.3820       2.3667274
      17.4546       2.3913409
      17.5275       2.4154545
      17.6007       2.4390823
      17.6742       2.4597810
      17.7480       2.4789318
      17.8221       2.4977865
      17.8965       2.5163495
      17.9713       2.5346289
      18.0463       2.5501323
      18.1217       2.5639073
      18.1973       2.5775336
      18.2733       2.5900513
      18.3496       2.6002922
      18.4263       2.6104539
      18.5032       2.6204201
      18.5805       2.6276602
      18.6581       2.6348581
      18.7360       2.6420159
      18.8142       2.6471138
      18.8928       2.6517454
      18.9717       2.6563552
      19.0509       2.6595438
      19.1305       2.6619321
      19.2103       2.6643013
      19.2906       2.6656771
      19.3711       2.6660756
      19.4520       2.6664490
      19.5332       2.6661079
      19.6148       2.6647368
      19.6967       2.6633295
      19.7790       2.6613779
      19.8616       2.6584438
      19.9445       2.6554602
      20.0278       2.6520282
      20.1114       2.6477394
      20.1954       2.6433870
      20.2798       2.6467680
      20.3644       2.6413086
      20.4495       2.6357763
      20.5349       2.6299024
      20.6206       2.6235592
      20.7067       2.6171342
      20.7932       2.6104513
      20.8800       2.6035065
      20.9672       2.5964753
      21.0548       2.5893164
      21.1427       2.5820474
      21.2310       2.5746930
      21.3197       2.5672534
      21.4087       2.5597289
      21.4981       2.5521188
      21.5879       2.5445534
      21.6780       2.5369105
      21.7685       2.5291862
      21.8594       2.5213800
      21.9507       2.5134933
      22.0424       2.5056761
      22.1344       2.4979602
      22.2269       2.4901685
      22.3197       2.4823013
      22.4129       2.4743563
      22.5065       2.4663714
      22.6005       2.4588201
      22.6948       2.4511985
      22.7896       2.4435065
      22.8848       2.4357446
      22.9803       2.4279105
      23.0763       2.4205607
      23.1727       2.4132904
      23.2694       2.4059571
      23.3666       2.3985584
      23.4642       2.3910948
      23.5622       2.3839110
      23.6606       2.3768646
      23.7594       2.3697586
      23.8586       2.3625927
      23.9582       2.3553651
      24.0583       2.3482438
      24.1587       2.3411841
      24.2596       2.3340646
      24.3609       2.3268857
      24.4627       2.3196464
      24.5648       2.3123547
      24.6674       2.3050058
      24.7704       2.2975959
      24.8738       2.2901256
      24.9777       2.2825930
      25.0820       2.2748503
      25.1868       2.2670042
      25.2919       2.2590935
      25.3976       2.2510883
      25.5036       2.2429089
      25.6101       2.2346641
      25.7171       2.2263524
      25.8244       2.2179349
      25.9323       2.2094302
      26.0406       2.2008615
      26.1493       2.1922336
      26.2585       2.1835620
      26.3682       2.1748253
      26.4783       2.1660241
      26.5889       2.1572219
      26.6999       2.1483732
      26.8114       2.1394899
      26.9233       2.1305681
      27.0358       2.1215891
      27.1487       2.1125675
      27.2620       2.1034868
      27.3759       2.0943379
      27.4902       2.0851326
      27.6050       2.0758081
      27.7203       2.0664226
      27.8360       2.0569836
      27.9523       2.0474910
      28.0690       2.0378667
      28.1862       2.0281374
      28.3039       2.0183556
      28.4221       2.0085239
      28.5408       1.9985831
      28.6600       1.9884762
      28.7797       1.9783218
      28.8999       1.9681203
      29.0205       1.9578364
      29.1417       1.9473214
      29.2634       1.9367627
      29.3856       1.9261611
      29.5083       1.9154994
      29.6316       1.9045541
      29.7553       1.8935690
      29.8795       1.8825440
      30.0043       1.8714720
      30.1296       1.8601133
      30.2554       1.8487189
      30.3818       1.8372888
      30.5087       1.8258082
      30.6360       1.8140671
      30.7640       1.8022931
      30.8925       1.7904888
      31.0215       1.7786180
      31.1510       1.7665253
      31.2811       1.7544054
      31.4117       1.7422610
      31.5429       1.7300270
      31.6746       1.7176367
      31.8069       1.7052246
      31.9397       1.6927412
      32.0731       1.6801166
      32.2070       1.6674733
      32.3415       1.6547611
      32.4766       1.6419133
      32.6122       1.6290504
      32.7484       1.6161141
      32.8851       1.6030546
      33.0224       1.5899839
      33.1603       1.5768370
      33.2988       1.5635972
      33.4379       1.5503477
      33.5775       1.5370021
      33.7177       1.5236423
      33.8585       1.5102573
      33.9999       1.4968413
      34.1419       1.4834239
      34.2845       1.4700082
      34.4276       1.4565933
      34.5714       1.4432089
      34.7158       1.4298572
      34.8607       1.4165098
      35.0063       1.4032628
      35.1525       1.3900348
      35.2993       1.3768650
      35.4467       1.3638043
      35.5947       1.3507561
      35.7434       1.3378749
      35.8926       1.3250472
      36.0425       1.3122880
      36.1930       1.2996824
      36.3442       1.2871841
      36.4959       1.2747585
      36.6483       1.2624823
      36.8014       1.2502682
      36.9551       1.2381537
      37.1094       1.2261535
      37.2643       1.2142128
      37.4199       1.2023357
      37.5762       1.1905862
      37.7331       1.1788599
      37.8907       1.1672791
      38.0489       1.1557360
      38.2078       1.1442839
      38.3674       1.1329171
      38.5276       1.1215959
      38.6885       1.1104039
      38.8500       1.0992367
      39.0123       1.0882248
      39.1752       1.0772636
      39.3388       1.0664323
      39.5030       1.0557145
      39.6680       1.0450833
      39.8337       1.0346482
      40.0000       1.0242408
