        1060        2.0        3.20
     0.400000    0.0242449
     0.436519    0.0194177
     0.476373    0.0169876
     0.519865    0.0147147
     0.567327    0.0127114
     0.619123    0.0102179
     0.675648   0.00914558
     0.737333   0.00921055
     0.804651   0.00803937
     0.878114   0.00840288
     0.958284   0.00698943
      1.04577   0.00611114
      1.14125   0.00626575
      1.24544   0.00610359
      1.35915   0.00629072
      1.48324   0.00659251
      1.61866   0.00680431
      1.76644   0.00723659
      1.92771   0.00810453
      2.10371   0.00938433
      2.29577    0.0108653
      2.50537    0.0124924
      2.73411    0.0146568
      2.98372    0.0174628
      3.25613    0.0211051
      3.55341    0.0250074
      3.87783    0.0316796
      4.23187    0.0380225
      4.61823    0.0482378
      5.03987    0.0631775
      5.50000    0.0820569
      5.51093    0.0825945
      5.52189    0.0831481
      5.53287    0.0837152
      5.54387    0.0842859
      5.55489    0.0848488
      5.56593    0.0853966
      5.57700    0.0859408
      5.58809    0.0864969
      5.59920    0.0870799
      5.61033    0.0876878
      5.62148    0.0883080
      5.63266    0.0889287
      5.64386    0.0895441
      5.65508    0.0901603
      5.66632    0.0907838
      5.67759    0.0914202
      5.68887    0.0920691
      5.70018    0.0927282
      5.71151    0.0933957
      5.72287    0.0940711
      5.73425    0.0947547
      5.74565    0.0954472
      5.75707    0.0961493
      5.76852    0.0968597
      5.77998    0.0975769
      5.79148    0.0982994
      5.80299    0.0990281
      5.81453    0.0997672
      5.82609     0.100521
      5.83767     0.101294
      5.84928     0.102081
      5.86090     0.102876
      5.87256     0.103673
      5.88423     0.104471
      5.89593     0.105280
      5.90765     0.106109
      5.91940     0.106966
      5.93116     0.107844
      5.94296     0.108728
      5.95477     0.109604
      5.96661     0.110467
      5.97847     0.111331
      5.99036     0.112212
      6.00227     0.113124
      6.01420     0.114066
      6.02616     0.115029
      6.03814     0.116002
      6.05014     0.116981
      6.06217     0.117963
      6.07422     0.118951
      6.08630     0.119944
      6.09840     0.120944
      6.11052     0.121955
      6.12267     0.122984
      6.13484     0.124037
      6.14704     0.125110
      6.15926     0.126196
      6.17151     0.127286
      6.18378     0.128375
      6.19607     0.129468
      6.20839     0.130572
      6.22073     0.131696
      6.23310     0.132845
      6.24549     0.134017
      6.25791     0.135209
      6.27035     0.136423
      6.28281     0.137656
      6.29530     0.138901
      6.30782     0.140152
      6.32036     0.141402
      6.33293     0.142655
      6.34552     0.143918
      6.35813     0.145199
      6.37077     0.146506
      6.38344     0.147836
      6.39613     0.149183
      6.40885     0.150541
      6.42159     0.151907
      6.43435     0.153283
      6.44715     0.154673
      6.45996     0.156082
      6.47281     0.157515
      6.48567     0.158969
      6.49857     0.160440
      6.51149     0.161927
      6.52443     0.163429
      6.53741     0.164945
      6.55040     0.166479
      6.56343     0.168031
      6.57647     0.169603
      6.58955     0.171195
      6.60265     0.172806
      6.61578     0.174436
      6.62893     0.176086
      6.64211     0.177756
      6.65531     0.179447
      6.66854     0.181160
      6.68180     0.182897
      6.69509     0.184654
      6.70840     0.186428
      6.72173     0.188218
      6.73510     0.190022
      6.74849     0.191844
      6.76190     0.193690
      6.77535     0.195567
      6.78882     0.197479
      6.80231     0.199423
      6.81584     0.201392
      6.82939     0.203385
      6.84296     0.205398
      6.85657     0.207433
      6.87020     0.209488
      6.88386     0.211567
      6.89754     0.213671
      6.91126     0.215801
      6.92500     0.217962
      6.93877     0.220157
      6.95256     0.222393
      6.96638     0.224669
      6.98023     0.226976
      6.99411     0.229310
      7.00801     0.231665
      7.02195     0.234041
      7.03591     0.236445
      7.04990     0.238884
      7.06391     0.241367
      7.07795     0.243901
      7.09203     0.246479
      7.10613     0.249097
      7.12025     0.251753
      7.13441     0.254445
      7.14859     0.257174
      7.16281     0.259942
      7.17705     0.262750
      7.19131     0.265606
      7.20561     0.268509
      7.21994     0.271457
      7.23429     0.274449
      7.24867     0.277489
      7.26308     0.280579
      7.27752     0.283717
      7.29199     0.286905
      7.30649     0.290146
      7.32102     0.293445
      7.33557     0.296803
      7.35015     0.300216
      7.36477     0.303686
      7.37941     0.307219
      7.39408     0.310816
      7.40878     0.314475
      7.42351     0.318198
      7.43827     0.321990
      7.45306     0.325857
      7.46787     0.329796
      7.48272     0.333803
      7.49760     0.337878
      7.51250     0.342024
      7.52744     0.346243
      7.54240     0.350535
      7.55740     0.354901
      7.57242     0.359347
      7.58748     0.363883
      7.60256     0.368507
      7.61768     0.373219
      7.63282     0.378021
      7.64800     0.382924
      7.66320     0.387933
      7.67844     0.393041
      7.69370     0.398245
      7.70900     0.403546
      7.72432     0.408951
      7.73968     0.414459
      7.75507     0.420070
      7.77048     0.425789
      7.78593     0.431626
      7.80141     0.437592
      7.81692     0.443683
      7.83246     0.449897
      7.84803     0.456235
      7.86364     0.462707
      7.87927     0.469320
      7.89494     0.476069
      7.91063     0.482951
      7.92636     0.489972
      7.94212     0.497142
      7.95791     0.504467
      7.97373     0.511940
      7.98958     0.519563
      8.00546     0.527344
      8.02138     0.535297
      8.03733     0.543423
      8.05331     0.551715
      8.06932     0.560172
      8.08536     0.568803
      8.10143     0.577621
      8.11754     0.586625
      8.13368     0.595809
      8.14985     0.605177
      8.16605     0.614739
      8.18229     0.624513
      8.19855     0.634493
      8.21485     0.644672
      8.23118     0.655051
      8.24755     0.665641
      8.26395     0.676456
      8.28038     0.687489
      8.29684     0.698731
      8.31333     0.710183
      8.32986     0.721853
      8.34642     0.733753
      8.36301     0.745881
      8.37964     0.758229
      8.39630     0.770802
      8.41299     0.783615
      8.42972     0.796685
      8.44648     0.809992
      8.46327     0.823504
      8.48010     0.837191
      8.49695     0.851023
      8.51385     0.864973
      8.53077     0.879081
      8.54773     0.893439
      8.56473     0.908153
      8.58175     0.923369
      8.59882     0.939269
      8.61591     0.955689
      8.63304     0.972124
      8.65020     0.988005
      8.66740      1.00284
      8.68463      1.01687
      8.70190      1.03038
      8.71920      1.04359
      8.73653      1.05666
      8.75390      1.06971
      8.77131      1.08284
      8.78874      1.09610
      8.80622      1.10954
      8.82372      1.12319
      8.84127      1.13712
      8.85884      1.15143
      8.87646      1.16626
      8.89410      1.18179
      8.91179      1.19794
      8.92950      1.21454
      8.94726      1.23146
      8.96504      1.24862
      8.98287      1.26593
      9.00073      1.28335
      9.01862      1.30079
      9.03655      1.31821
      9.05452      1.33554
      9.07252      1.35266
      9.09055      1.36943
      9.10863      1.38561
      9.12674      1.40087
      9.14488      1.41499
      9.16306      1.42823
      9.18128      1.44084
      9.19953      1.45294
      9.21782      1.46454
      9.23615      1.47560
      9.25451      1.48596
      9.27291      1.49555
      9.29134      1.50456
      9.30982      1.51314
      9.32832      1.52137
      9.34687      1.52924
      9.36545      1.53672
      9.38407      1.54367
      9.40273      1.55002
      9.42142      1.55591
      9.44015      1.56146
      9.45892      1.56671
      9.47773      1.57164
      9.49657      1.57621
      9.51545      1.58027
      9.53436      1.58371
      9.55332      1.58666
      9.57231      1.58922
      9.59134      1.59142
      9.61041      1.59322
      9.62952      1.59451
      9.64866      1.59507
      9.66785      1.59466
      9.68707      1.59341
      9.70632      1.59156
      9.72562      1.58925
      9.74496      1.58653
      9.76433      1.58336
      9.78374      1.57962
      9.80319      1.57510
      9.82268      1.56978
      9.84221      1.56388
      9.86178      1.55753
      9.88139      1.55080
      9.90103      1.54366
      9.92072      1.53602
      9.94044      1.52771
      9.96020      1.51854
      9.98000      1.50872
      9.99984      1.49846
      10.0197      1.48790
      10.0396      1.47712
      10.0596      1.46619
      10.0796      1.45513
      10.0996      1.44397
      10.1197      1.43272
      10.1398      1.42139
      10.1600      1.41001
      10.1802      1.39859
      10.2004      1.38715
      10.2207      1.37568
      10.2410      1.36420
      10.2614      1.35271
      10.2818      1.34122
      10.3022      1.32974
      10.3227      1.31828
      10.3432      1.30686
      10.3638      1.29552
      10.3844      1.28430
      10.4051      1.27327
      10.4257      1.26248
      10.4465      1.25186
      10.4672      1.24131
      10.4880      1.23077
      10.5089      1.22015
      10.5298      1.20937
      10.5507      1.19830
      10.5717      1.18679
      10.5927      1.17470
      10.6138      1.16220
      10.6349      1.14945
      10.6560      1.13655
      10.6772      1.12359
      10.6984      1.11063
      10.7197      1.09773
      10.7410      1.08495
      10.7624      1.07234
      10.7838      1.05989
      10.8052      1.04758
      10.8267      1.03542
      10.8482      1.02342
      10.8698      1.01162
      10.8914      1.00007
      10.9130     0.988843
      10.9347     0.978046
      10.9565     0.967612
      10.9783     0.957445
      11.0001     0.947481
      11.0220     0.937687
      11.0439     0.928043
      11.0658     0.918549
      11.0878     0.909219
      11.1099     0.900081
      11.1320     0.891122
      11.1541     0.882290
      11.1763     0.873545
      11.1985     0.864854
      11.2207     0.856183
      11.2431     0.847495
      11.2654     0.838740
      11.2878     0.829852
      11.3102     0.820777
      11.3327     0.811572
      11.3553     0.802290
      11.3778     0.792959
      11.4005     0.783586
      11.4231     0.774160
      11.4458     0.764650
      11.4686     0.754997
      11.4914     0.745116
      11.5142     0.735009
      11.5371     0.724775
      11.5601     0.714477
      11.5830     0.704147
      11.6061     0.693791
      11.6291     0.683391
      11.6523     0.672903
      11.6754     0.662249
      11.6986     0.651333
      11.7219     0.640227
      11.7452     0.629069
      11.7686     0.617954
      11.7920     0.606954
      11.8154     0.596125
      11.8389     0.585523
      11.8624     0.575206
      11.8860     0.565251
      11.9096     0.555738
      11.9333     0.546628
      11.9570     0.537860
      11.9808     0.529405
      12.0046     0.521264
      12.0285     0.513466
      12.0524     0.506077
      12.0764     0.499204
      12.1004     0.493016
      12.1244     0.487718
      12.1485     0.483177
      12.1727     0.479149
      12.1969     0.475477
      12.2211     0.472060
      12.2454     0.468834
      12.2698     0.465766
      12.2942     0.462843
      12.3186     0.460071
      12.3431     0.457475
      12.3676     0.455036
      12.3922     0.452697
      12.4169     0.450416
      12.4416     0.448155
      12.4663     0.445877
      12.4911     0.443543
      12.5159     0.441100
      12.5408     0.438476
      12.5657     0.435568
      12.5907     0.432314
      12.6157     0.428830
      12.6408     0.425225
      12.6660     0.421582
      12.6911     0.417965
      12.7164     0.414439
      12.7416     0.411074
      12.7670     0.407959
      12.7924     0.405215
      12.8178     0.403006
      12.8433     0.401310
      12.8688     0.399959
      12.8944     0.398836
      12.9200     0.397863
      12.9457     0.396985
      12.9715     0.396162
      12.9972     0.395364
      13.0231     0.394563
      13.0490     0.393728
      13.0749     0.392832
      13.1009     0.391885
      13.1270     0.390909
      13.1531     0.389924
      13.1792     0.388943
      13.2054     0.387980
      13.2317     0.387052
      13.2580     0.386178
      13.2843     0.385386
      13.3107     0.384716
      13.3372     0.384212
      13.3637     0.383847
      13.3903     0.383579
      13.4169     0.383380
      13.4436     0.383231
      13.4703     0.383123
      13.4971     0.383052
      13.5239     0.383020
      13.5508     0.383034
      13.5777     0.383110
      13.6047     0.383266
      13.6318     0.383494
      13.6589     0.383770
      13.6860     0.384076
      13.7132     0.384399
      13.7405     0.384729
      13.7678     0.385056
      13.7952     0.385369
      13.8226     0.385653
      13.8501     0.385888
      13.8776     0.386047
      13.9052     0.386119
      13.9329     0.386130
      13.9606     0.386100
      13.9883     0.386040
      14.0161     0.385959
      14.0440     0.385860
      14.0719     0.385742
      14.0999     0.385604
      14.1279     0.385437
      14.1560     0.385229
      14.1842     0.384964
      14.2124     0.384651
      14.2406     0.384306
      14.2689     0.383943
      14.2973     0.383568
      14.3257     0.383189
      14.3542     0.382810
      14.3827     0.382434
      14.4113     0.382067
      14.4400     0.381713
      14.4687     0.381379
      14.4975     0.381071
      14.5263     0.380788
      14.5552     0.380524
      14.5841     0.380279
      14.6131     0.380054
      14.6421     0.379852
      14.6713     0.379682
      14.7004     0.379557
      14.7296     0.379495
      14.7589     0.379526
      14.7883     0.379696
      14.8177     0.380055
      14.8471     0.380570
      14.8767     0.381197
      14.9062     0.381904
      14.9359     0.382674
      14.9656     0.383499
      14.9953     0.384381
      15.0251     0.385327
      15.0550     0.386357
      15.0849     0.387503
      15.1149     0.388816
      15.1450     0.390367
      15.1751     0.392151
      15.2052     0.394101
      15.2355     0.396171
      15.2658     0.398330
      15.2961     0.400561
      15.3265     0.402857
      15.3570     0.405218
      15.3875     0.407651
      15.4181     0.410174
      15.4488     0.412817
      15.4795     0.415629
      15.5103     0.418653
      15.5411     0.421852
      15.5720     0.425180
      15.6029     0.428611
      15.6340     0.432128
      15.6650     0.435723
      15.6962     0.439397
      15.7274     0.443159
      15.7587     0.447024
      15.7900     0.451024
      15.8214     0.455205
      15.8528     0.459641
      15.8844     0.464379
      15.9159     0.469353
      15.9476     0.474505
      15.9793     0.479793
      16.0111     0.485188
      16.0429     0.490668
      16.0748     0.496214
      16.1067     0.501806
      16.1388     0.507421
      16.1708     0.513029
      16.2030     0.518586
      16.2352     0.524029
      16.2675     0.529303
      16.2998     0.534458
      16.3322     0.539547
      16.3647     0.544603
      16.3972     0.549649
      16.4298     0.554699
      16.4625     0.559761
      16.4952     0.564835
      16.5280     0.569920
      16.5609     0.575003
      16.5938     0.580068
      16.6268     0.585085
      16.6598     0.590015
      16.6930     0.594865
      16.7262     0.599672
      16.7594     0.604462
      16.7927     0.609251
      16.8261     0.614052
      16.8596     0.618872
      16.8931     0.623714
      16.9267     0.628581
      16.9603     0.633474
      16.9940     0.638389
      17.0278     0.643324
      17.0617     0.648270
      17.0956     0.653218
      17.1296     0.658175
      17.1636     0.663147
      17.1978     0.668138
      17.2320     0.673149
      17.2662     0.678179
      17.3005     0.683223
      17.3349     0.688273
      17.3694     0.693315
      17.4039     0.698327
      17.4385     0.703276
      17.4732     0.708112
      17.5079     0.712758
      17.5427     0.717129
      17.5776     0.721276
      17.6126     0.725277
      17.6476     0.729185
      17.6827     0.733033
      17.7178     0.736846
      17.7531     0.740635
      17.7883     0.744409
      17.8237     0.748168
      17.8591     0.751909
      17.8947     0.755621
      17.9302     0.759287
      17.9659     0.762879
      18.0016     0.766353
      18.0374     0.769705
      18.0732     0.772976
      18.1092     0.776195
      18.1452     0.779382
      18.1812     0.782547
      18.2174     0.785699
      18.2536     0.788841
      18.2899     0.791971
      18.3263     0.795086
      18.3627     0.798179
      18.3992     0.801234
      18.4358     0.804231
      18.4724     0.807136
      18.5092     0.809907
      18.5460     0.812556
      18.5828     0.815125
      18.6198     0.817641
      18.6568     0.820125
      18.6939     0.822589
      18.7311     0.825041
      18.7683     0.827488
      18.8056     0.829934
      18.8430     0.832384
      18.8805     0.834841
      18.9180     0.837310
      18.9556     0.839796
      18.9933     0.842307
      19.0310     0.844854
      19.0689     0.847435
      19.1068     0.850042
      19.1448     0.852666
      19.1828     0.855301
      19.2210     0.857944
      19.2592     0.860590
      19.2975     0.863236
      19.3358     0.865875
      19.3743     0.868502
      19.4128     0.871104
      19.4514     0.873669
      19.4901     0.876173
      19.5288     0.878582
      19.5676     0.880848
      19.6065     0.882921
      19.6455     0.884842
      19.6846     0.886657
      19.7237     0.888400
      19.7629     0.890092
      19.8022     0.891745
      19.8416     0.893367
      19.8810     0.894963
      19.9206     0.896533
      19.9602     0.898074
      19.9998     0.899579
      20.0396     0.901036
      20.0794     0.902426
      20.1194     0.903720
      20.1594     0.904873
      20.1994     0.905842
      20.2396     0.906664
      20.2798     0.907383
      20.3202     0.908027
      20.3606     0.908615
      20.4010     0.909158
      20.4416     0.909661
      20.4822     0.910124
      20.5230     0.910544
      20.5638     0.910911
      20.6046     0.911209
      20.6456     0.911412
      20.6866     0.911481
      20.7278     0.911355
      20.7690     0.910944
      20.8103     0.910123
      20.8516     0.908891
      20.8931     0.907376
      20.9346     0.905666
      20.9763     0.903820
      21.0180     0.901875
      21.0597     0.899853
      21.1016     0.897766
      21.1436     0.895616
      21.1856     0.893398
      21.2277     0.891094
      21.2699     0.888678
      21.3122     0.886104
      21.3546     0.883304
      21.3970     0.880171
      21.4396     0.876551
      21.4822     0.872231
      21.5249     0.867241
      21.5677     0.861811
      21.6106     0.856098
      21.6535     0.850208
      21.6966     0.844210
      21.7397     0.838151
      21.7829     0.832061
      21.8263     0.825960
      21.8696     0.819861
      21.9131     0.813772
      21.9567     0.807697
      22.0003     0.801638
      22.0441     0.795595
      22.0879     0.789563
      22.1318     0.783538
      22.1758     0.777509
      22.2199     0.771469
      22.2641     0.765433
      22.3083     0.759413
      22.3527     0.753417
      22.3971     0.747450
      22.4417     0.741515
      22.4863     0.735614
      22.5310     0.729749
      22.5758     0.723920
      22.6207     0.718126
      22.6656     0.712366
      22.7107     0.706638
      22.7558     0.700940
      22.8011     0.695268
      22.8464     0.689614
      22.8918     0.683970
      22.9373     0.678322
      22.9830     0.672658
      23.0286     0.666995
      23.0744     0.661347
      23.1203     0.655724
      23.1663     0.650133
      23.2123     0.644578
      23.2585     0.639064
      23.3047     0.633592
      23.3510     0.628168
      23.3975     0.622793
      23.4440     0.617473
      23.4906     0.612215
      23.5373     0.607029
      23.5841     0.601930
      23.6310     0.596941
      23.6780     0.592094
      23.7250     0.587440
      23.7722     0.583049
      23.8195     0.578927
      23.8668     0.574996
      23.9143     0.571199
      23.9618     0.567497
      24.0094     0.563865
      24.0572     0.560288
      24.1050     0.556753
      24.1529     0.553255
      24.2009     0.549788
      24.2491     0.546349
      24.2973     0.542937
      24.3456     0.539551
      24.3940     0.536193
      24.4425     0.532864
      24.4911     0.529567
      24.5398     0.526307
      24.5885     0.523092
      24.6374     0.519934
      24.6864     0.516839
      24.7355     0.513795
      24.7847     0.510790
      24.8339     0.507816
      24.8833     0.504868
      24.9328     0.501942
      24.9824     0.499036
      25.0320     0.496148
      25.0818     0.493278
      25.1316     0.490424
      25.1816     0.487587
      25.2317     0.484764
      25.2818     0.481956
      25.3321     0.479162
      25.3825     0.476381
      25.4329     0.473612
      25.4835     0.470853
      25.5342     0.468102
      25.5849     0.465354
      25.6358     0.462609
      25.6868     0.459869
      25.7378     0.457139
      25.7890     0.454421
      25.8403     0.451715
      25.8916     0.449024
      25.9431     0.446349
      25.9947     0.443688
      26.0464     0.441045
      26.0981     0.438418
      26.1500     0.435810
      26.2020     0.433222
      26.2541     0.430655
      26.3063     0.428115
      26.3586     0.425605
      26.4110     0.423134
      26.4635     0.420713
      26.5161     0.418358
      26.5688     0.416096
      26.6217     0.413963
      26.6746     0.411955
      26.7276     0.410035
      26.7808     0.408176
      26.8340     0.406359
      26.8874     0.404573
      26.9408     0.402810
      26.9944     0.401065
      27.0480     0.399334
      27.1018     0.397614
      27.1557     0.395905
      27.2097     0.394204
      27.2638     0.392511
      27.3180     0.390826
      27.3723     0.389146
      27.4267     0.387472
      27.4812     0.385803
      27.5359     0.384136
      27.5906     0.382469
      27.6455     0.380799
      27.7004     0.379121
      27.7555     0.377430
      27.8107     0.375730
      27.8660     0.374029
      27.9214     0.372327
      27.9769     0.370629
      28.0325     0.368936
      28.0882     0.367248
      28.1441     0.365566
      28.2000     0.363890
      28.2561     0.362221
      28.3123     0.360559
      28.3686     0.358903
      28.4249     0.357254
      28.4815     0.355610
      28.5381     0.353971
      28.5948     0.352335
      28.6517     0.350702
      28.7086     0.349067
      28.7657     0.347427
      28.8229     0.345777
      28.8802     0.344106
      28.9376     0.342403
      28.9951     0.340673
      29.0528     0.338926
      29.1106     0.337172
      29.1684     0.335417
      29.2264     0.333663
      29.2845     0.331914
      29.3427     0.330171
      29.4011     0.328434
      29.4595     0.326706
      29.5181     0.324986
      29.5768     0.323275
      29.6356     0.321573
      29.6945     0.319880
      29.7535     0.318197
      29.8127     0.316525
      29.8720     0.314863
      29.9313     0.313213
      29.9909     0.311578
      30.0505     0.309958
      30.1102     0.308359
      30.1701     0.306785
      30.2301     0.305245
      30.2902     0.303741
      30.3504     0.302264
      30.4107     0.300807
      30.4712     0.299366
      30.5318     0.297938
      30.5925     0.296520
      30.6533     0.295111
      30.7142     0.293711
      30.7753     0.292318
      30.8365     0.290933
      30.8978     0.289554
      30.9592     0.288182
      31.0208     0.286815
      31.0824     0.285455
      31.1442     0.284099
      31.2061     0.282747
      31.2682     0.281399
      31.3303     0.280051
      31.3926     0.278702
      31.4550     0.277347
      31.5176     0.275981
      31.5802     0.274596
      31.6430     0.273177
      31.7059     0.271714
      31.7690     0.270219
      31.8321     0.268706
      31.8954     0.267183
      31.9588     0.265658
      32.0224     0.264134
      32.0860     0.262613
      32.1498     0.261098
      32.2137     0.259590
      32.2778     0.258089
      32.3419     0.256596
      32.4062     0.255111
      32.4707     0.253634
      32.5352     0.252166
      32.5999     0.250707
      32.6647     0.249256
      32.7297     0.247815
      32.7947     0.246383
      32.8599     0.244960
      32.9253     0.243547
      32.9907     0.242146
      33.0563     0.240756
      33.1220     0.239381
      33.1879     0.238022
      33.2538     0.236684
      33.3200     0.235366
      33.3862     0.234065
      33.4526     0.232777
      33.5191     0.231499
      33.5857     0.230231
      33.6525     0.228972
      33.7194     0.227721
      33.7864     0.226478
      33.8536     0.225242
      33.9209     0.224013
      33.9883     0.222791
      34.0559     0.221576
      34.1236     0.220368
      34.1915     0.219166
      34.2594     0.217971
      34.3276     0.216783
      34.3958     0.215602
      34.4642     0.214427
      34.5327     0.213258
      34.6014     0.212097
      34.6701     0.210942
      34.7391     0.209794
      34.8081     0.208653
      34.8773     0.207520
      34.9467     0.206396
      35.0162     0.205280
      35.0858     0.204173
      35.1555     0.203073
      35.2254     0.201981
      35.2955     0.200895
      35.3656     0.199816
      35.4359     0.198743
      35.5064     0.197676
      35.5770     0.196615
      35.6477     0.195560
      35.7186     0.194511
      35.7896     0.193468
      35.8607     0.192431
      35.9320     0.191399
      36.0035     0.190374
      36.0750     0.189354
      36.1468     0.188341
      36.2186     0.187333
      36.2906     0.186332
      36.3628     0.185338
      36.4351     0.184351
      36.5075     0.183373
      36.5801     0.182405
      36.6528     0.181448
      36.7257     0.180506
      36.7987     0.179585
      36.8719     0.178690
      36.9452     0.177831
      37.0186     0.177006
      37.0922     0.176205
      37.1660     0.175420
      37.2398     0.174648
      37.3139     0.173885
      37.3881     0.173129
      37.4624     0.172379
      37.5369     0.171635
      37.6115     0.170895
      37.6863     0.170158
      37.7612     0.169426
      37.8363     0.168697
      37.9115     0.167972
      37.9869     0.167250
      38.0624     0.166532
      38.1381     0.165817
      38.2139     0.165104
      38.2899     0.164395
      38.3660     0.163689
      38.4422     0.162986
      38.5187     0.162285
      38.5953     0.161587
      38.6720     0.160891
      38.7489     0.160196
      38.8259     0.159502
      38.9031     0.158807
      38.9804     0.158109
      39.0579     0.157406
      39.1356     0.156695
      39.2134     0.155979
      39.2914     0.155261
      39.3695     0.154542
      39.4477     0.153824
      39.5262     0.153107
      39.6047     0.152393
      39.6835     0.151682
      39.7624     0.150974
      39.8414     0.150268
      39.9206     0.149566
      40.0000     0.148868
      41.2406     0.138536
      42.5196     0.129010
      43.8383     0.120206
      45.1979     0.113591
      46.5997     0.108049
      48.0450     0.101267
      49.5351    0.0932083
      51.0714    0.0859223
      52.6553    0.0802619
      54.2884    0.0750624
      55.9721    0.0702781
      57.7080    0.0658922
      59.4978    0.0617896
      61.3430    0.0579934
      63.2456    0.0544656
      65.2071    0.0511583
      67.2294    0.0480431
      69.3145    0.0451088
      71.4642    0.0423577
      73.6806    0.0397758
      75.9658    0.0373383
      78.3218    0.0350523
      80.7509    0.0329089
      83.2553    0.0309026
      85.8374    0.0290305
      88.4996    0.0272738
      91.2444    0.0256252
      94.0742    0.0240775
      96.9919    0.0226221
      100.000    0.0212554
