669	0.1	2.21

     0.070000000   1.1288000e-08
     0.078541000   1.4506000e-08
     0.088125000   2.3497000e-05
     0.098878000   2.3604000e-07
      0.11094000   2.4608000e-08
      0.12448000   4.1413000e-08
      0.13967000   5.5068000e-08
      0.15671000   7.3705000e-08
      0.17583000   1.0046000e-07
      0.19729000   1.4317000e-07
      0.22136000   1.2746000e-07
      0.24837000   1.0928000e-07
      0.27868000   9.4895000e-08
      0.31268000   7.9747000e-08
      0.35083000   7.1525000e-08
      0.39364000   6.1810000e-08
      0.44167000   5.1137000e-08
      0.49556000   4.2344000e-08
      0.55603000   3.5645000e-08
      0.62388000   3.0425000e-08
      0.70000000   2.6220000e-08
      0.78541000   2.2721000e-08
      0.88125000   1.9766000e-08
      0.98878000   1.7250000e-08
       1.1094000   1.5094000e-08
       1.2448000   1.3239000e-08
       1.3967000   1.1638000e-08
       1.5671000   1.0252000e-08
       1.7583000   9.0489000e-09
       1.9729000   8.0007000e-09
       2.2136000   7.0845000e-09
       2.4837000   4.3964000e-07
       2.7868000   1.8180000e-06
       3.1268000   2.8036000e-06
       3.5083000   4.0839000e-06
       3.9364000   2.4548000e-05
       4.4167000   0.00010875000
       4.9556000    0.0012821000
       5.0000000    0.0013839000
       5.0500000    0.0013936000
       5.1000000    0.0014032000
       5.1500000    0.0014126000
       5.2000000    0.0014218000
       5.2500000    0.0014309000
       5.3000000    0.0014399000
       5.3500000    0.0014487000
       5.4000000    0.0014574000
       5.4500000    0.0014659000
       5.5000000    0.0014744000
       5.5500000    0.0014506000
       5.6000000    0.0014273000
       5.6500000    0.0014044000
       5.7000000    0.0013819000
       5.7500000    0.0013598000
       5.8000000    0.0013380000
       5.8500000    0.0013167000
       5.9000000    0.0012956000
       5.9500000    0.0012750000
       6.0000000    0.0012546000
       6.0500000    0.0014415000
       6.1000000    0.0016258000
       6.1500000    0.0018075000
       6.2000000    0.0019868000
       6.2500000    0.0020087000
       6.3000000    0.0020306000
       6.3500000    0.0020524000
       6.4000000    0.0020741000
       6.4500000    0.0020959000
       6.5000000    0.0021177000
       6.5500000    0.0021395000
       6.6000000    0.0021613000
       6.6500000    0.0021833000
       6.7000000    0.0021180000
       6.7500000    0.0021541000
       6.8000000    0.0022101000
       6.8500000    0.0022663000
       6.9000000    0.0023171000
       6.9500000    0.0023557000
       7.0000000    0.0023748000
       7.0500000    0.0023803000
       7.1000000    0.0028974000
       7.1500000    0.0035169000
       7.2000000    0.0040610000
       7.2500000    0.0022328000
       7.3000000    0.0025060000
       7.3500000    0.0035291000
       7.4000000    0.0032086000
       7.4500000    0.0034691000
       7.5000000    0.0041109000
       7.5500000    0.0045913000
       7.6000000    0.0042665000
       7.6500000    0.0050317000
       7.7000000    0.0074932000
       7.7500000     0.011440000
       7.8000000     0.017539000
       7.8500000     0.029636000
       7.9000000     0.054949000
       7.9500000     0.090362000
       8.0000000      0.11549000
       8.0500000      0.12304000
       8.1000000      0.12291000
       8.1500000      0.12195000
       8.2000000      0.12258000
       8.2500000      0.12490000
       8.3000000      0.12843000
       8.3500000      0.13253000
       8.4000000      0.13764000
       8.4500000      0.14359000
       8.5000000      0.15104000
       8.5500000      0.16069000
       8.6000000      0.17321000
       8.6500000      0.19210000
       8.7000000      0.22123000
       8.7500000      0.26906000
       8.8000000      0.34088000
       8.8500000      0.41662000
       8.9000000      0.47459000
       8.9500000      0.50063000
       9.0000000      0.49523000
       9.0500000      0.46879000
       9.1000000      0.43040000
       9.1500000      0.38958000
       9.2000000      0.35120000
       9.2500000      0.31433000
       9.3000000      0.27982000
       9.3500000      0.24913000
       9.4000000      0.21940000
       9.4500000      0.19071000
       9.5000000      0.16508000
       9.5500000      0.14061000
       9.6000000      0.11746000
       9.6500000     0.096934000
       9.7000000     0.078250000
       9.7500000     0.061272000
       9.8000000     0.047294000
       9.8500000     0.036591000
       9.9000000     0.027947000
       9.9500000     0.020961000
       10.000000     0.017034000
       10.050000     0.014257000
       10.100000     0.011786000
       10.150000     0.010165000
       10.200000    0.0093328000
       10.250000    0.0086316000
       10.300000    0.0073345000
       10.350000    0.0066721000
       10.400000    0.0063711000
       10.450000    0.0060133000
       10.500000    0.0052348000
       10.550000    0.0048391000
       10.600000    0.0048964000
       10.650000    0.0048232000
       10.700000    0.0044024000
       10.750000    0.0040953000
       10.800000    0.0041891000
       10.850000    0.0042424000
       10.900000    0.0040227000
       10.950000    0.0037485000
       11.000000    0.0037041000
       11.050000    0.0037855000
       11.100000    0.0037457000
       11.150000    0.0036914000
       11.200000    0.0037253000
       11.250000    0.0039931000
       11.300000    0.0041565000
       11.350000    0.0041957000
       11.400000    0.0040170000
       11.450000    0.0044419000
       11.500000    0.0051005000
       11.550000    0.0059836000
       11.600000    0.0070466000
       11.650000    0.0083030000
       11.700000     0.010408000
       11.750000     0.012653000
       11.800000     0.015020000
       11.850000     0.017154000
       11.900000     0.019280000
       11.950000     0.021482000
       12.000000     0.023877000
       12.050000     0.026400000
       12.100000     0.028325000
       12.150000     0.030122000
       12.200000     0.031719000
       12.250000     0.033182000
       12.300000     0.034478000
       12.350000     0.035203000
       12.400000     0.035644000
       12.450000     0.035094000
       12.500000     0.034385000
       12.550000     0.033249000
       12.600000     0.031926000
       12.650000     0.029898000
       12.700000     0.027681000
       12.750000     0.025086000
       12.800000     0.022485000
       12.850000     0.019863000
       12.900000     0.017337000
       12.950000     0.014897000
       13.000000     0.013182000
       13.050000     0.012037000
       13.100000     0.011131000
       13.150000     0.010405000
       13.200000    0.0098765000
       13.250000    0.0095081000
       13.300000    0.0090979000
       13.350000    0.0086462000
       13.400000    0.0083505000
       13.450000    0.0082696000
       13.500000    0.0081699000
       13.550000    0.0080266000
       13.600000    0.0079153000
       13.650000    0.0079757000
       13.700000    0.0080358000
       13.750000    0.0080050000
       13.800000    0.0079716000
       13.850000    0.0079345000
       13.900000    0.0078964000
       13.950000    0.0078661000
       14.000000    0.0078436000
       14.050000    0.0078270000
       14.100000    0.0078329000
       14.150000    0.0078388000
       14.200000    0.0078897000
       14.250000    0.0079469000
       14.300000    0.0080863000
       14.350000    0.0083058000
       14.400000    0.0084993000
       14.450000    0.0084590000
       14.500000    0.0084190000
       14.550000    0.0083391000
       14.600000    0.0082379000
       14.650000    0.0081599000
       14.700000    0.0082063000
       14.750000    0.0082525000
       14.800000    0.0082371000
       14.850000    0.0081841000
       14.900000    0.0081341000
       14.950000    0.0081511000
       15.000000    0.0081681000
       15.050000    0.0081814000
       15.100000    0.0081897000
       15.150000    0.0081980000
       15.200000    0.0082789000
       15.250000    0.0083849000
       15.300000    0.0084891000
       15.350000    0.0085317000
       15.400000    0.0085742000
       15.450000    0.0086576000
       15.500000    0.0088627000
       15.550000    0.0090667000
       15.600000    0.0092024000
       15.650000    0.0092489000
       15.700000    0.0092953000
       15.750000    0.0094248000
       15.800000    0.0096188000
       15.850000    0.0098120000
       15.900000     0.010033000
       15.950000     0.010270000
       16.000000     0.010506000
       16.050000     0.010690000
       16.100000     0.010848000
       16.150000     0.011005000
       16.200000     0.011105000
       16.250000     0.011170000
       16.300000     0.011235000
       16.350000     0.011387000
       16.400000     0.011616000
       16.450000     0.011844000
       16.500000     0.012093000
       16.550000     0.012378000
       16.600000     0.012662000
       16.650000     0.012948000
       16.700000     0.013255000
       16.750000     0.013561000
       16.800000     0.013866000
       16.850000     0.014172000
       16.900000     0.014476000
       16.950000     0.014779000
       17.000000     0.015086000
       17.050000     0.015397000
       17.100000     0.015706000
       17.150000     0.016000000
       17.200000     0.016191000
       17.250000     0.016382000
       17.300000     0.016573000
       17.350000     0.016723000
       17.400000     0.016851000
       17.450000     0.016978000
       17.500000     0.017129000
       17.550000     0.017526000
       17.600000     0.017923000
       17.650000     0.018317000
       17.700000     0.018674000
       17.750000     0.018987000
       17.800000     0.019299000
       17.850000     0.019609000
       17.900000     0.019831000
       17.950000     0.020024000
       18.000000     0.020216000
       18.050000     0.020408000
       18.100000     0.020680000
       18.150000     0.020954000
       18.200000     0.021226000
       18.250000     0.021495000
       18.300000     0.021731000
       18.350000     0.021968000
       18.400000     0.022204000
       18.450000     0.022434000
       18.500000     0.022635000
       18.550000     0.022836000
       18.600000     0.023037000
       18.650000     0.023251000
       18.700000     0.023541000
       18.750000     0.023833000
       18.800000     0.024127000
       18.850000     0.024430000
       18.900000     0.025031000
       18.950000     0.025636000
       19.000000     0.026246000
       19.050000     0.026861000
       19.100000     0.027953000
       19.150000     0.029159000
       19.200000     0.030366000
       19.250000     0.031573000
       19.300000     0.033013000
       19.350000     0.034677000
       19.400000     0.036320000
       19.450000     0.037935000
       19.500000     0.039583000
       19.550000     0.041794000
       19.600000     0.043891000
       19.650000     0.045855000
       19.700000     0.047668000
       19.750000     0.049678000
       19.800000     0.051732000
       19.850000     0.053575000
       19.900000     0.055231000
       19.950000     0.056730000
       20.000000     0.058987000
       20.050000     0.061436000
       20.100000     0.064146000
       20.150000     0.067203000
       20.200000     0.071077000
       20.250000     0.076771000
       20.300000     0.083262000
       20.350000     0.090534000
       20.400000     0.098530000
       20.450000      0.10774000
       20.500000      0.11790000
       20.550000      0.12782000
       20.600000      0.13728000
       20.650000      0.14617000
       20.700000      0.15393000
       20.750000      0.16021000
       20.800000      0.16565000
       20.850000      0.17038000
       20.900000      0.17453000
       20.950000      0.17685000
       21.000000      0.17686000
       21.050000      0.17674000
       21.100000      0.17649000
       21.150000      0.17615000
       21.200000      0.17510000
       21.250000      0.17140000
       21.300000      0.16788000
       21.350000      0.16453000
       21.400000      0.16132000
       21.450000      0.15825000
       21.500000      0.15361000
       21.550000      0.14888000
       21.600000      0.14432000
       21.650000      0.13992000
       21.700000      0.13567000
       21.750000      0.13135000
       21.800000      0.12679000
       21.850000      0.12233000
       21.900000      0.11796000
       21.950000      0.11370000
       22.000000      0.10952000
       22.050000      0.10571000
       22.100000      0.10201000
       22.150000     0.098359000
       22.200000     0.094752000
       22.250000     0.091189000
       22.300000     0.087686000
       22.350000     0.084719000
       22.400000     0.081770000
       22.450000     0.078839000
       22.500000     0.075928000
       22.550000     0.073035000
       22.600000     0.070236000
       22.650000     0.067971000
       22.700000     0.065712000
       22.750000     0.063459000
       22.800000     0.061213000
       22.850000     0.058974000
       22.900000     0.056774000
       22.950000     0.055116000
       23.000000     0.053459000
       23.050000     0.051804000
       23.100000     0.050152000
       23.150000     0.048501000
       23.200000     0.046853000
       23.250000     0.045517000
       23.300000     0.044248000
       23.350000     0.042980000
       23.400000     0.041714000
       23.450000     0.040449000
       23.500000     0.039186000
       23.550000     0.038032000
       23.600000     0.037022000
       23.650000     0.036013000
       23.700000     0.035006000
       23.750000     0.033999000
       23.800000     0.032992000
       23.850000     0.031987000
       23.900000     0.031234000
       23.950000     0.030528000
       24.000000     0.029823000
       24.050000     0.029119000
       24.100000     0.028415000
       24.150000     0.027712000
       24.200000     0.027019000
       24.250000     0.026446000
       24.300000     0.025874000
       24.350000     0.025303000
       24.400000     0.024733000
       24.450000     0.024164000
       24.500000     0.023596000
       24.550000     0.023040000
       24.600000     0.022576000
       24.650000     0.022112000
       24.700000     0.021649000
       24.750000     0.021187000
       24.800000     0.020725000
       24.850000     0.020264000
       24.900000     0.019803000
       24.950000     0.019506000
       25.000000     0.019219000
       25.050000     0.018933000
       25.100000     0.018647000
       25.150000     0.018361000
       25.200000     0.018076000
       25.250000     0.017791000
       25.300000     0.017533000
       25.350000     0.017297000
       25.400000     0.017061000
       25.450000     0.016825000
       25.500000     0.016591000
       25.550000     0.016356000
       25.600000     0.016123000
       25.650000     0.015890000
       25.700000     0.015640000
       25.750000     0.015389000
       25.800000     0.015140000
       25.850000     0.014890000
       25.900000     0.014642000
       25.950000     0.014394000
       26.000000     0.014146000
       26.050000     0.013911000
       26.100000     0.013749000
       26.150000     0.013587000
       26.200000     0.013425000
       26.250000     0.013264000
       26.300000     0.013104000
       26.350000     0.012943000
       26.400000     0.012783000
       26.450000     0.012626000
       26.500000     0.012511000
       26.550000     0.012395000
       26.600000     0.012280000
       26.650000     0.012166000
       26.700000     0.012051000
       26.750000     0.011937000
       26.800000     0.011823000
       26.850000     0.011710000
       26.900000     0.011560000
       26.950000     0.011397000
       27.000000     0.011234000
       27.050000     0.011072000
       27.100000     0.010910000
       27.150000     0.010749000
       27.200000     0.010588000
       27.250000     0.010427000
       27.300000     0.010275000
       27.350000     0.010176000
       27.400000     0.010077000
       27.450000    0.0099778000
       27.500000    0.0098792000
       27.550000    0.0097809000
       27.600000    0.0096828000
       27.650000    0.0095850000
       27.700000    0.0094874000
       27.750000    0.0093940000
       27.800000    0.0093117000
       27.850000    0.0092296000
       27.900000    0.0091478000
       27.950000    0.0090663000
       28.000000    0.0089850000
       28.050000    0.0089039000
       28.100000    0.0088231000
       28.150000    0.0087425000
       28.200000    0.0086581000
       28.250000    0.0085309000
       28.300000    0.0084042000
       28.350000    0.0082778000
       28.400000    0.0081518000
       28.450000    0.0080262000
       28.500000    0.0079009000
       28.550000    0.0077760000
       28.600000    0.0076514000
       28.650000    0.0075273000
       28.700000    0.0074286000
       28.750000    0.0073462000
       28.800000    0.0072641000
       28.850000    0.0071822000
       28.900000    0.0071005000
       28.950000    0.0070191000
       29.000000    0.0069378000
       29.050000    0.0068568000
       29.100000    0.0067760000
       29.150000    0.0066954000
       29.200000    0.0066388000
       29.250000    0.0065879000
       29.300000    0.0065372000
       29.350000    0.0064867000
       29.400000    0.0064362000
       29.450000    0.0063860000
       29.500000    0.0063358000
       29.550000    0.0062859000
       29.600000    0.0062360000
       29.650000    0.0061863000
       29.700000    0.0061227000
       29.750000    0.0060522000
       29.800000    0.0059820000
       29.850000    0.0059119000
       29.900000    0.0058421000
       29.950000    0.0057725000
       30.000000    0.0057031000
       30.050000    0.0056338000
       30.100000    0.0055648000
       30.150000    0.0054960000
       30.200000    0.0054329000
       30.250000    0.0053979000
       30.300000    0.0053631000
       30.350000    0.0053283000
       30.400000    0.0052936000
       30.450000    0.0052590000
       30.500000    0.0052245000
       30.550000    0.0051901000
       30.600000    0.0051558000
       30.650000    0.0051215000
       30.700000    0.0050874000
       30.750000    0.0050603000
       30.800000    0.0050507000
       30.850000    0.0050412000
       30.900000    0.0050318000
       30.950000    0.0050223000
       31.000000    0.0050129000
       31.050000    0.0050035000
       31.100000    0.0049941000
       31.150000    0.0049848000
       31.200000    0.0049755000
       31.250000    0.0049662000
       31.300000    0.0049569000
       31.350000    0.0049350000
       31.400000    0.0049132000
       31.450000    0.0048914000
       31.500000    0.0048697000
       31.550000    0.0048481000
       31.600000    0.0048265000
       31.650000    0.0048050000
       31.700000    0.0047836000
       31.750000    0.0047622000
       31.800000    0.0047409000
       31.850000    0.0047196000
       31.900000    0.0046951000
       31.950000    0.0046628000
       32.000000    0.0046307000
       32.050000    0.0045986000
       32.100000    0.0045667000
       32.150000    0.0045348000
       32.200000    0.0045030000
       32.250000    0.0044713000
       32.300000    0.0044397000
       32.350000    0.0044082000
       32.400000    0.0043768000
       32.450000    0.0043455000
       32.500000    0.0043184000
       32.550000    0.0043134000
       32.600000    0.0043085000
       32.650000    0.0043035000
       32.700000    0.0042986000
       32.750000    0.0042937000
       32.800000    0.0042888000
       32.850000    0.0042840000
       32.900000    0.0042791000
       32.950000    0.0042743000
       33.000000    0.0042694000
       33.050000    0.0042646000
       33.100000    0.0042598000
       33.150000    0.0042393000
       33.200000    0.0042054000
       33.250000    0.0041716000
       33.300000    0.0041379000
       33.350000    0.0041043000
       33.400000    0.0040708000
       33.450000    0.0040374000
       33.500000    0.0040041000
       33.550000    0.0039709000
       33.600000    0.0039378000
       33.650000    0.0039048000
       33.700000    0.0038719000
       33.750000    0.0038391000
       33.800000    0.0038051000
       33.850000    0.0037696000
       33.900000    0.0037341000
       33.950000    0.0036988000
       34.000000    0.0036635000
       34.050000    0.0036284000
       34.100000    0.0035933000
       34.150000    0.0035583000
       34.200000    0.0035234000
       34.250000    0.0034887000
       34.300000    0.0034540000
       34.350000    0.0034194000
       34.400000    0.0033849000
       34.450000    0.0033505000
       34.500000    0.0033273000
       34.550000    0.0033074000
       34.600000    0.0032876000
       34.650000    0.0032678000
       34.700000    0.0032480000
       34.750000    0.0032283000
       34.800000    0.0032087000
       34.850000    0.0031891000
       34.900000    0.0031696000
       34.950000    0.0031501000
       35.000000    0.0031307000
       39.271000    0.0014004000
       44.062000    0.0014196000
       49.439000   0.00082228000
       55.471000   0.00034099000
       62.240000   0.00028044000
       69.834000   0.00022506000
       78.355000   0.00015756000
       87.916000   0.00022497000
       98.643000   0.00017461000
       110.68000   0.00013158000
       124.18000   0.00028318000
       139.34000   0.00023906000
       156.34000   0.00016348000
       175.42000   0.00017845000
       196.82000   0.00013954000
       220.84000   8.9859000e-05
       247.78000   4.6971000e-05
       278.01000   2.1690000e-05
       311.94000   1.1195000e-05
       350.00000   7.2968000e-06
       392.71000   4.4399000e-06
       440.62000   3.2099000e-06
       494.39000   2.8608000e-06
       554.71000   2.5497000e-06
       622.40000   2.2724000e-06
       698.34000   2.0253000e-06
       783.55000   1.8051000e-06
       879.16000   1.6088000e-06
       986.43000   1.4338000e-06
       1000.0000   1.4144000e-06
