     0.20000    1.331000    0.985900
     0.25000    1.710000    0.952300
     0.30000    1.909330    0.806367
     0.35000    1.993280    0.681089
     0.40000    2.029000    0.595500
     0.45000    2.047000    0.537823
     0.50000    2.056000    0.501200
     0.60000    2.076000    0.444101
     0.70000    2.071000    0.426686
     0.80000    2.078000    0.433900
     0.90000    2.096780    0.450143
     1.00000    2.125000    0.467300
     1.20000    2.198450    0.484679
     1.40000    2.276130    0.484585
     1.60000    2.353390    0.461404
     1.80000    2.414970    0.416269
     2.00000    2.455000    0.360400
     2.50000    2.484000    0.268000
     3.00000    2.485000    0.211669
     3.50000    2.478000    0.175601
     4.00000    2.468000    0.151000
     4.50000    2.455110    0.133234
     5.00000    2.441000    0.120000
     6.00000    2.408010    0.102436
     7.00000    2.367730    0.092618
     8.00000    2.318530    0.088295
     9.00000    2.260160    0.088767
    10.00000    2.190000    0.094148
    11.00000    2.105120    0.105444
    12.00000    2.003180    0.124396
    13.00000    1.878530    0.154550
    14.00000    1.725680    0.202216
    15.00000    1.533960    0.280712
    16.00000    1.295020    0.418985
    17.00000    1.051310    0.680654
    18.00000    0.868943    1.058090
    19.00000    0.807231    1.486070
    20.00000    0.828030    1.915450
    21.00000    0.914865    2.335049
    22.00000    1.034086    2.768441
    23.00000    1.234780    3.250330
    24.00000    1.563681    3.758777
    25.00000    2.062838    4.263094
    26.00000    2.805973    4.663945
    27.00000    3.775577    4.761619
    28.00000    4.663035    4.394164
    29.00000    5.199043    3.804577
    30.00000    5.467107    3.259579
    31.00000    5.637854    2.785281
    32.00000    5.680578    2.341607
    33.00000    5.654574    1.965451
    34.00000    5.546062    1.658010
    35.00000    5.431848    1.436330
    36.00000    5.318298    1.263919
    38.00000    5.113387    1.022103
    40.00000    4.937353    0.886656
    42.00000    4.796685    0.802459
    44.00000    4.696442    0.750327
    46.00000    4.608168    0.713058
    48.00000    4.544200    0.690246
    50.00000    4.483546    0.679091
    60.00000    4.351088    0.677545
    70.00000    4.304398    0.692059
    80.00000    4.302514    0.715382
    90.00000    4.300632    0.741760
   100.00000    4.302992    0.753531
   120.00000    4.334379    0.815146
   140.00000    4.360438    0.866526
   160.00000    4.375095    0.908550
   180.00000    4.394588    0.959918
   200.00000    4.416826    1.022291
   250.00000    4.446625    1.162674
   300.00000    4.517802    1.330341
   350.00000    4.525195    1.422654
   400.00000    4.547581    1.634317
   450.00000    4.563254    1.737507
   500.00000    4.577372    1.815582
